# Time forceX forceY forceZ normalForce
0 0 0 0 0
2.5e-05 0.0039508 0.0039508 3.79818e-06 -0.00620595
5e-05 0.00754431 0.00754431 8.79832e-06 -0.0118493
7.5e-05 0.00964564 0.00964564 1.43675e-05 -0.0151479
0.0001 0.0107147 0.0107147 2.01795e-05 -0.0168258
0.000125 0.0111369 0.0111369 2.60028e-05 -0.0174886
0.00015 0.0111992 0.0111992 3.16961e-05 -0.0175865
0.000175 0.0111867 0.0111867 3.72129e-05 -0.0175671
0.0002 0.0113045 0.0113045 4.25945e-05 -0.0177522
0.000225 0.0116211 0.0116211 4.79384e-05 -0.0182495
0.00025 0.0120976 0.0120976 5.33503e-05 -0.0189978
0.000275 0.0126525 0.0126525 5.89019e-05 -0.019869
0.0003 0.0132155 0.0132155 6.46127e-05 -0.0207531
0.000325 0.0137527 0.0137527 7.04567e-05 -0.0215966
0.00035 0.014265 0.0142651 7.63847e-05 -0.022401
0.000375 0.0147734 0.0147734 8.23488e-05 -0.0231992
0.0004 0.0153015 0.0153015 8.83185e-05 -0.0240286
0.000425 0.0158637 0.0158637 9.42856e-05 -0.0249116
0.00045 0.0164604 0.0164604 0.00010026 -0.0258486
0.000475 0.0170805 0.0170805 0.000106259 -0.0268225
0.0005 0.0177081 0.0177081 0.000112302 -0.0278081
0.000525 0.0183288 0.0183288 0.000118401 -0.0287829
0.00055 0.0189344 0.0189344 0.000124561 -0.029734
0.000575 0.0195245 0.0195245 0.00013078 -0.0306606
0.0006 0.0201048 0.0201048 0.000137051 -0.0315718
0.000625 0.0206848 0.0206848 0.000143367 -0.0324825
0.00065 0.0212744 0.0212744 0.000149721 -0.0334083
0.000675 0.0218813 0.0218813 0.000156108 -0.0343612
0.0007 0.0225095 0.0225095 0.000162525 -0.0353477
0.000725 0.0231595 0.0231595 0.00016897 -0.0363684
0.00075 0.0238287 0.0238287 0.000175441 -0.0374192
0.000775 0.0245125 0.0245125 0.000181939 -0.0384931
0.0008 0.0252071 0.0252071 0.000188462 -0.0395838
0.000825 0.0259076 0.0259076 0.000195009 -0.0406838
0.00085 0.0266103 0.0266103 0.00020158 -0.0417873
0.000875 0.0273136 0.0273136 0.000208175 -0.0428918
0.0009 0.0280174 0.0280174 0.000214793 -0.043997
0.000925 0.0287227 0.0287227 0.000221434 -0.0451045
0.00095 0.0294312 0.0294312 0.000228096 -0.046217
0.000975 0.0301446 0.0301446 0.00023478 -0.0473373
0.001 0.0308647 0.0308647 0.000241484 -0.048468
0.001025 0.0315927 0.0315927 0.000248205 -0.0496112
0.00105 0.0323292 0.0323292 0.000254942 -0.0507677
0.001075 0.0330743 0.0330743 0.000261693 -0.0519377
0.0011 0.0338276 0.0338276 0.000268457 -0.0531205
0.001125 0.0345881 0.0345881 0.000275232 -0.0543148
0.00115 0.0353551 0.0353551 0.000282016 -0.0555192
0.001175 0.0361273 0.0361273 0.000288809 -0.0567318
0.0012 0.036904 0.036904 0.000295609 -0.0579515
0.001225 0.0376844 0.0376844 0.000302417 -0.0591769
0.00125 0.0384681 0.0384681 0.000309232 -0.0604076
0.001275 0.0392549 0.0392549 0.000316052 -0.0616432
0.0013 0.040045 0.040045 0.000322878 -0.0628837
0.001325 0.0408383 0.0408383 0.000329708 -0.0641296
0.00135 0.0416354 0.0416354 0.000336541 -0.0653812
0.001375 0.0424363 0.0424363 0.000343377 -0.0666388
0.0014 0.0432413 0.0432413 0.000350215 -0.0679028
0.001425 0.0440503 0.0440503 0.000357053 -0.0691733
0.00145 0.0448634 0.0448634 0.000363891 -0.07045
0.001475 0.0456802 0.0456802 0.000370727 -0.0717327
0.0015 0.0465005 0.0465005 0.000377561 -0.0730208
0.001525 0.047324 0.047324 0.000384392 -0.074314
0.00155 0.0481504 0.0481504 0.00039122 -0.0756116
0.001575 0.0489793 0.0489793 0.000398043 -0.0769132
0.0016 0.0498104 0.0498104 0.000404862 -0.0782184
0.001625 0.0506437 0.0506437 0.000411675 -0.0795269
0.00165 0.0514789 0.0514789 0.000418483 -0.0808385
0.001675 0.0523135 0.0523135 0.000425283 -0.0821489
0.0017 0.0531492 0.0531492 0.000432077 -0.0834613
0.001725 0.0539877 0.0539877 0.000438863 -0.084778
0.00175 0.0548292 0.0548292 0.000445641 -0.0860993
0.001775 0.0556734 0.0556734 0.000452411 -0.087425
0.0018 0.0565199 0.0565199 0.000459171 -0.0887543
0.001825 0.0573683 0.0573683 0.000465921 -0.0900865
0.00185 0.058218 0.058218 0.000472662 -0.0914208
0.001875 0.0590687 0.0590687 0.000479392 -0.0927567
0.0019 0.0599202 0.0599202 0.00048611 -0.0940937
0.001925 0.0607724 0.0607724 0.000492818 -0.095432
0.00195 0.0616255 0.0616255 0.000499513 -0.0967716
0.001975 0.0624794 0.0624794 0.000506197 -0.0981125
0.002 0.0633341 0.0633341 0.000512867 -0.0994547
0.002025 0.0641896 0.0641896 0.000519525 -0.100798
0.00205 0.0650458 0.0650458 0.00052617 -0.102143
0.002075 0.0659025 0.0659025 0.000532801 -0.103488
0.0021 0.0667596 0.0667596 0.000539418 -0.104834
0.002125 0.0676171 0.0676171 0.000546021 -0.10618
0.00215 0.0684749 0.0684749 0.00055261 -0.107527
0.002175 0.0693329 0.0693329 0.000559184 -0.108875
0.0022 0.070191 0.070191 0.000565742 -0.110222
0.002225 0.0710493 0.0710493 0.000572286 -0.11157
0.00225 0.0719077 0.0719077 0.000578813 -0.112918
0.002275 0.0727661 0.0727661 0.000585325 -0.114266
0.0023 0.0736244 0.0736244 0.00059182 -0.115614
0.002325 0.0744827 0.0744827 0.000598299 -0.116961
0.00235 0.0753407 0.0753407 0.00060476 -0.118309
0.002375 0.0761985 0.0761985 0.000611204 -0.119656
0.0024 0.077056 0.077056 0.000617631 -0.121002
0.002425 0.0779131 0.0779131 0.000624038 -0.122348
0.00245 0.0787698 0.0787698 0.000630426 -0.123694
0.002475 0.0796261 0.0796261 0.000636795 -0.125038
0.0025 0.0804819 0.0804819 0.000643143 -0.126382
0.002525 0.0813371 0.0813371 0.00064947 -0.127725
0.00255 0.0821918 0.0821918 0.000655775 -0.129067
0.002575 0.0830459 0.0830459 0.000662056 -0.130408
0.0026 0.0838992 0.0838992 0.000668312 -0.131748
0.002625 0.0847519 0.0847519 0.000674542 -0.133087
0.00265 0.0856037 0.0856037 0.000680744 -0.134425
0.002675 0.0864547 0.0864547 0.000686917 -0.135761
0.0027 0.0873048 0.0873048 0.000693059 -0.137096
0.002725 0.088154 0.088154 0.000699167 -0.13843
0.00275 0.0890022 0.0890022 0.000705239 -0.139762
0.002775 0.0898493 0.0898493 0.000711272 -0.141092
0.0028 0.0906954 0.0906954 0.000717264 -0.142421
0.002825 0.0915402 0.0915402 0.000723212 -0.143747
0.00285 0.0923839 0.0923839 0.000729113 -0.145072
0.002875 0.0932264 0.0932264 0.000734963 -0.146395
0.0029 0.0940675 0.0940675 0.000740759 -0.147716
0.002925 0.0949073 0.0949073 0.000746497 -0.149035
0.00295 0.0957458 0.0957458 0.000752174 -0.150351
0.002975 0.0965828 0.0965828 0.000757787 -0.151666
0.003 0.0974184 0.0974184 0.00076333 -0.152978
0.003025 0.0973177 0.0973177 0.000767921 -0.15282
0.00305 0.0963239 0.0963239 0.000771237 -0.151259
0.003075 0.0947934 0.0947934 0.000773114 -0.148856
0.0031 0.0929851 0.0929851 0.000773477 -0.146016
0.003125 0.0920007 0.0920007 0.000773195 -0.14447
0.00315 0.0918845 0.0918845 0.000772607 -0.144288
0.003175 0.0923007 0.0923007 0.000771906 -0.144941
0.0032 0.0929541 0.0929541 0.000771189 -0.145967
0.003225 0.0936368 0.0936368 0.000770469 -0.147039
0.00325 0.0942217 0.0942217 0.0007697 -0.147958
0.003275 0.0946744 0.0946744 0.000768807 -0.148668
0.0033 0.0950194 0.0950194 0.00076772 -0.14921
0.003325 0.0953086 0.0953086 0.000766398 -0.149664
0.00335 0.0955867 0.0955867 0.000764838 -0.150101
0.003375 0.0958741 0.0958741 0.000763069 -0.150553
0.0034 0.0961677 0.0961678 0.00076113 -0.151014
0.003425 0.0964526 0.0964526 0.000759059 -0.151461
0.00345 0.0967142 0.0967142 0.000756879 -0.151872
0.003475 0.0969456 0.0969457 0.000754595 -0.152235
0.0035 0.0971503 0.0971503 0.000752202 -0.152557
0.003525 0.0973384 0.0973384 0.000749688 -0.152852
0.00355 0.0975223 0.0975223 0.000747045 -0.153141
0.003575 0.0977118 0.0977118 0.000744265 -0.153438
0.0036 0.0979114 0.0979114 0.00074135 -0.153752
0.003625 0.0981196 0.0981196 0.000738306 -0.154079
0.00365 0.0983306 0.0983306 0.00073514 -0.15441
0.003675 0.0985364 0.0985364 0.000731863 -0.154734
0.0037 0.0987294 0.0987294 0.000728484 -0.155037
0.003725 0.0989042 0.0989042 0.00072501 -0.155311
0.00375 0.0990584 0.0990584 0.000721447 -0.155553
0.003775 0.0991925 0.0991925 0.0007178 -0.155764
0.0038 0.0993094 0.0993094 0.000714074 -0.155948
0.003825 0.0994127 0.0994127 0.000710271 -0.15611
0.00385 0.0995066 0.0995066 0.000706395 -0.156257
0.003875 0.0995943 0.0995943 0.000702448 -0.156395
0.0039 0.0996781 0.0996781 0.000698433 -0.156527
0.003925 0.0997591 0.0997591 0.00069435 -0.156654
0.00395 0.0998372 0.0998372 0.000690204 -0.156777
0.003975 0.0999117 0.0999117 0.000685996 -0.156894
0.004 0.0999813 0.0999813 0.000681729 -0.157003
0.004025 0.100045 0.100045 0.000677405 -0.157102
0.00405 0.1001 0.1001 0.000673029 -0.15719
0.004075 0.100148 0.100148 0.000668603 -0.157265
0.0041 0.100187 0.100187 0.000664132 -0.157326
0.004125 0.100217 0.100217 0.000659617 -0.157374
0.00415 0.10024 0.10024 0.000655063 -0.157409
0.004175 0.100255 0.100255 0.000650472 -0.157433
0.0042 0.100263 0.100263 0.000645847 -0.157446
0.004225 0.100267 0.100267 0.000641188 -0.157451
0.00425 0.100265 0.100265 0.000636499 -0.157449
0.004275 0.10026 0.10026 0.00063178 -0.15744
0.0043 0.10025 0.10025 0.000627034 -0.157426
0.004325 0.100237 0.100237 0.000622262 -0.157405
0.00435 0.100221 0.100221 0.000617465 -0.157379
0.004375 0.1002 0.1002 0.000612645 -0.157347
0.0044 0.100176 0.100176 0.000607805 -0.157309
0.004425 0.100147 0.100147 0.000602946 -0.157264
0.00445 0.100115 0.100115 0.00059807 -0.157213
0.004475 0.100078 0.100078 0.000593178 -0.157154
0.0045 0.100037 0.100037 0.000588272 -0.15709
0.004525 0.0999908 0.0999908 0.000583355 -0.157018
0.00455 0.0999412 0.0999412 0.000578426 -0.15694
0.004575 0.0998888 0.0998888 0.000573488 -0.156858
0.0046 0.099834 0.099834 0.000568542 -0.156772
0.004625 0.0997772 0.0997772 0.000563588 -0.156683
0.00465 0.0997183 0.0997183 0.000558629 -0.15659
0.004675 0.0996575 0.0996575 0.000553665 -0.156495
0.0047 0.0995945 0.0995945 0.000548696 -0.156396
0.004725 0.0995294 0.0995294 0.000543725 -0.156294
0.00475 0.0994621 0.0994622 0.000538753 -0.156188
0.004775 0.0993928 0.0993929 0.000533779 -0.156079
0.0048 0.0993216 0.0993216 0.000528805 -0.155967
0.004825 0.0992487 0.0992487 0.000523833 -0.155853
0.00485 0.0991741 0.0991741 0.000518863 -0.155736
0.004875 0.0990981 0.0990981 0.000513895 -0.155616
0.0049 0.0990207 0.0990207 0.000508932 -0.155495
0.004925 0.0989421 0.0989421 0.000503974 -0.155371
0.00495 0.0988625 0.0988625 0.000499021 -0.155246
0.004975 0.0987818 0.0987818 0.000494074 -0.15512
0.005 0.0987002 0.0987002 0.000489134 -0.154991
0.005025 0.0986179 0.0986179 0.000484203 -0.154862
0.00505 0.0985349 0.0985349 0.00047928 -0.154732
0.005075 0.0984513 0.0984513 0.000474367 -0.1546
0.0051 0.0983672 0.0983672 0.000469464 -0.154468
0.005125 0.0982828 0.0982828 0.000464573 -0.154336
0.00515 0.0981979 0.098198 0.000459693 -0.154203
0.005175 0.0981128 0.0981128 0.000454826 -0.154069
0.0052 0.0980274 0.0980274 0.000449974 -0.153935
0.005225 0.0979419 0.0979419 0.000445136 -0.1538
0.00525 0.0978561 0.0978561 0.000440314 -0.153666
0.005275 0.0977703 0.0977703 0.000435509 -0.153531
0.0053 0.0976845 0.0976845 0.000430722 -0.153396
0.005325 0.0975986 0.0975986 0.000425953 -0.153261
0.00535 0.0975128 0.0975128 0.000421206 -0.153127
0.005375 0.0974272 0.0974272 0.00041648 -0.152992
0.0054 0.0973416 0.0973416 0.000411777 -0.152858
0.005425 0.0972563 0.0972563 0.000407099 -0.152724
0.00545 0.0971711 0.0971711 0.000402447 -0.15259
0.005475 0.0970861 0.0970861 0.000397823 -0.152456
0.0055 0.0970014 0.0970014 0.000393229 -0.152323
0.005525 0.0969169 0.0969169 0.000388667 -0.152191
0.00555 0.0968327 0.0968327 0.00038414 -0.152058
0.005575 0.0967488 0.0967488 0.000379649 -0.151927
0.0056 0.0966652 0.0966652 0.000375198 -0.151795
0.005625 0.0965819 0.0965819 0.000370788 -0.151665
0.00565 0.096499 0.096499 0.000366424 -0.151534
0.005675 0.0964165 0.0964165 0.000362108 -0.151405
0.0057 0.0963343 0.0963343 0.000357845 -0.151276
0.005725 0.0962526 0.0962526 0.000353637 -0.151147
0.00575 0.0961713 0.0961713 0.000349489 -0.15102
0.005775 0.0960905 0.0960905 0.000345405 -0.150893
0.0058 0.0960102 0.0960102 0.000341389 -0.150767
0.005825 0.0959304 0.0959304 0.000337447 -0.150641
0.00585 0.0958512 0.0958513 0.000333583 -0.150517
0.005875 0.0957726 0.0957726 0.000329802 -0.150393
0.0059 0.0956946 0.0956947 0.000326111 -0.150271
0.005925 0.0956173 0.0956173 0.000322513 -0.150149
0.00595 0.0955406 0.0955406 0.000319016 -0.150029
0.005975 0.0954646 0.0954646 0.000315624 -0.14991
0.006 0.0953894 0.0953894 0.000312344 -0.149791
0.006025 0.0953148 0.0953148 0.000309181 -0.149674
0.00605 0.095241 0.095241 0.000306141 -0.149558
0.006075 0.0951679 0.0951679 0.000303229 -0.149444
0.0061 0.0950956 0.0950956 0.000300451 -0.14933
0.006125 0.0950241 0.0950241 0.000297813 -0.149218
0.00615 0.0949533 0.0949533 0.000295318 -0.149107
0.006175 0.0948833 0.0948833 0.000292972 -0.148997
0.0062 0.094814 0.094814 0.00029078 -0.148888
0.006225 0.0947454 0.0947454 0.000288744 -0.14878
0.00625 0.0946775 0.0946775 0.000286868 -0.148673
0.006275 0.0946102 0.0946102 0.000285155 -0.148568
0.0063 0.0945436 0.0945436 0.000283607 -0.148463
0.006325 0.0944776 0.0944776 0.000282226 -0.14836
0.00635 0.0944122 0.0944122 0.000281014 -0.148257
0.006375 0.0943473 0.0943473 0.000279972 -0.148155
0.0064 0.094283 0.094283 0.000279099 -0.148054
0.006425 0.094219 0.094219 0.000278395 -0.147954
0.00645 0.0941556 0.0941556 0.000277859 -0.147854
0.006475 0.0940925 0.0940925 0.00027749 -0.147755
0.0065 0.0940297 0.0940297 0.000277287 -0.147656
0.006525 0.0939673 0.0939674 0.000277247 -0.147558
0.00655 0.0939053 0.0939053 0.000277367 -0.147461
0.006575 0.0938434 0.0938434 0.000277645 -0.147364
0.0066 0.0937818 0.0937818 0.000278077 -0.147267
0.006625 0.0937205 0.0937205 0.00027866 -0.147171
0.00665 0.0936593 0.0936593 0.00027939 -0.147075
0.006675 0.0935983 0.0935983 0.000280263 -0.146979
0.0067 0.0935375 0.0935375 0.000281276 -0.146883
0.006725 0.0934768 0.0934768 0.000282424 -0.146788
0.00675 0.0934162 0.0934162 0.000283702 -0.146693
0.006775 0.0933557 0.0933557 0.000285107 -0.146598
0.0068 0.0932953 0.0932953 0.000286634 -0.146503
0.006825 0.093235 0.093235 0.000288279 -0.146408
0.00685 0.0931747 0.0931747 0.000290039 -0.146314
0.006875 0.0931145 0.0931145 0.000291907 -0.146219
0.0069 0.0930542 0.0930542 0.000293881 -0.146124
0.006925 0.092994 0.092994 0.000295955 -0.14603
0.00695 0.0929337 0.0929337 0.000298127 -0.145935
0.006975 0.0928734 0.0928734 0.000300392 -0.145841
0.007 0.092813 0.092813 0.000302746 -0.145746
0.007025 0.0927525 0.0927525 0.000305185 -0.145651
0.00705 0.0926918 0.0926918 0.000307706 -0.145555
0.007075 0.092631 0.092631 0.000310305 -0.14546
0.0071 0.0925701 0.0925701 0.000312978 -0.145364
0.007125 0.0925089 0.0925089 0.000315722 -0.145268
0.00715 0.0924474 0.0924474 0.000318534 -0.145172
0.007175 0.0923857 0.0923857 0.000321411 -0.145075
0.0072 0.0923236 0.0923236 0.000324348 -0.144977
0.007225 0.0922612 0.0922612 0.000327344 -0.144879
0.00725 0.0921984 0.0921984 0.000330395 -0.144781
0.007275 0.0921351 0.0921351 0.000333497 -0.144681
0.0073 0.0920714 0.0920714 0.000336649 -0.144581
0.007325 0.0920071 0.0920071 0.000339848 -0.14448
0.00735 0.0919422 0.0919422 0.000343091 -0.144379
0.007375 0.0918767 0.0918767 0.000346375 -0.144276
0.0074 0.0918106 0.0918106 0.000349698 -0.144172
0.007425 0.0917437 0.0917437 0.000353056 -0.144067
0.00745 0.0916761 0.0916761 0.000356449 -0.143961
0.007475 0.0916076 0.0916076 0.000359873 -0.143853
0.0075 0.0915384 0.0915384 0.000363327 -0.143744
0.007525 0.0914682 0.0914682 0.000366808 -0.143634
0.00755 0.0913971 0.0913971 0.000370313 -0.143523
0.007575 0.091325 0.091325 0.000373842 -0.143409
0.0076 0.0912519 0.0912519 0.00037739 -0.143295
0.007625 0.0911778 0.0911778 0.000380958 -0.143178
0.00765 0.0911025 0.0911025 0.000384542 -0.14306
0.007675 0.0910262 0.0910262 0.000388142 -0.14294
0.0077 0.0909488 0.0909488 0.000391754 -0.142819
0.007725 0.0908702 0.0908702 0.000395378 -0.142695
0.00775 0.0907904 0.0907905 0.000399011 -0.14257
0.007775 0.0907095 0.0907095 0.000402652 -0.142443
0.0078 0.0906274 0.0906274 0.000406298 -0.142314
0.007825 0.0905441 0.0905441 0.00040995 -0.142183
0.00785 0.0904596 0.0904596 0.000413604 -0.142051
0.007875 0.0903739 0.0903739 0.000417259 -0.141916
0.0079 0.090287 0.090287 0.000420915 -0.14178
0.007925 0.0901989 0.0901989 0.000424568 -0.141641
0.00795 0.0901097 0.0901097 0.000428218 -0.141501
0.007975 0.0900193 0.0900193 0.000431864 -0.141359
0.008 0.0899277 0.0899277 0.000435505 -0.141216
0.008025 0.0898349 0.0898349 0.000439138 -0.14107
0.00805 0.089741 0.089741 0.000442763 -0.140922
0.008075 0.089646 0.089646 0.000446378 -0.140773
0.0081 0.0895498 0.0895498 0.000449982 -0.140622
0.008125 0.0894525 0.0894525 0.000453574 -0.140469
0.00815 0.0893539 0.0893539 0.000457153 -0.140315
0.008175 0.0892543 0.0892543 0.000460717 -0.140158
0.0082 0.0891534 0.0891534 0.000464266 -0.14
0.008225 0.0890512 0.0890512 0.000467798 -0.139839
0.00825 0.0889479 0.0889479 0.000471312 -0.139677
0.008275 0.0888432 0.0888432 0.000474806 -0.139513
0.0083 0.0887371 0.0887371 0.000478281 -0.139346
0.008325 0.0886296 0.0886296 0.000481733 -0.139177
0.00835 0.0885207 0.0885207 0.000485163 -0.139006
0.008375 0.0884101 0.0884101 0.000488569 -0.138833
0.0084 0.0882979 0.0882979 0.000491948 -0.138656
0.008425 0.0881839 0.088184 0.000495301 -0.138477
0.00845 0.0880681 0.0880681 0.000498625 -0.138296
0.008475 0.0879503 0.0879503 0.000501918 -0.138111
0.0085 0.0878305 0.0878305 0.00050518 -0.137922
0.008525 0.0877084 0.0877084 0.000508408 -0.137731
0.00855 0.0875839 0.0875839 0.0005116 -0.137535
0.008575 0.087457 0.087457 0.000514754 -0.137336
0.0086 0.0873274 0.0873274 0.000517867 -0.137132
0.008625 0.0871952 0.0871952 0.000520939 -0.136925
0.00865 0.08706 0.08706 0.000523966 -0.136712
0.008675 0.0869218 0.0869218 0.000526946 -0.136495
0.0087 0.0867804 0.0867804 0.000529875 -0.136273
0.008725 0.0866358 0.0866358 0.000532751 -0.136046
0.00875 0.0864877 0.0864877 0.000535572 -0.135814
0.008775 0.0863362 0.0863362 0.000538333 -0.135576
0.0088 0.086181 0.086181 0.000541032 -0.135332
0.008825 0.0860221 0.0860221 0.000543666 -0.135083
0.00885 0.0858595 0.0858595 0.000546231 -0.134827
0.008875 0.0856929 0.0856929 0.000548724 -0.134566
0.0089 0.0855225 0.0855225 0.00055114 -0.134298
0.008925 0.0853481 0.0853481 0.000553477 -0.134024
0.00895 0.0851697 0.0851698 0.00055573 -0.133744
0.008975 0.0849874 0.0849874 0.000557896 -0.133458
0.009 0.0848011 0.0848011 0.000559973 -0.133165
0.009025 0.0846109 0.0846109 0.000561954 -0.132867
0.00905 0.0844168 0.0844168 0.000563838 -0.132562
0.009075 0.0842189 0.0842189 0.00056562 -0.132251
0.0091 0.0840171 0.0840171 0.000567298 -0.131934
0.009125 0.0838118 0.0838118 0.000568868 -0.131612
0.00915 0.0836028 0.0836028 0.000570326 -0.131283
0.009175 0.0833904 0.0833904 0.000571671 -0.13095
0.0092 0.0831746 0.0831746 0.000572899 -0.130611
0.009225 0.0829556 0.0829556 0.000574007 -0.130267
0.00925 0.0827335 0.0827335 0.000574993 -0.129918
0.009275 0.0825085 0.0825085 0.000575855 -0.129565
0.0093 0.0822806 0.0822806 0.000576593 -0.129207
0.009325 0.08205 0.08205 0.000577203 -0.128845
0.00935 0.0818168 0.0818168 0.000577684 -0.128479
0.009375 0.0815811 0.0815811 0.000578037 -0.128109
0.0094 0.0813431 0.0813431 0.000578259 -0.127735
0.009425 0.0811028 0.0811028 0.000578351 -0.127357
0.00945 0.0808603 0.0808603 0.000578313 -0.126977
0.009475 0.0806157 0.0806157 0.000578146 -0.126592
0.0095 0.080369 0.080369 0.000577849 -0.126205
0.009525 0.0801202 0.0801202 0.000577424 -0.125814
0.00955 0.0798693 0.0798693 0.000576872 -0.12542
0.009575 0.0796164 0.0796164 0.000576195 -0.125023
0.0096 0.0793613 0.0793613 0.000575394 -0.124622
0.009625 0.0791039 0.0791039 0.000574471 -0.124218
0.00965 0.0788442 0.0788442 0.000573429 -0.123811
0.009675 0.0785821 0.0785821 0.00057227 -0.123399
0.0097 0.0783173 0.0783173 0.000570997 -0.122983
0.009725 0.0780498 0.0780498 0.000569612 -0.122563
0.00975 0.0777792 0.0777792 0.000568119 -0.122138
0.009775 0.0775055 0.0775055 0.000566521 -0.121708
0.0098 0.0772283 0.0772283 0.000564821 -0.121273
0.009825 0.0769473 0.0769473 0.000563023 -0.120832
0.00985 0.0766623 0.0766623 0.00056113 -0.120384
0.009875 0.0763731 0.0763731 0.000559145 -0.11993
0.0099 0.0760792 0.0760792 0.000557073 -0.119469
0.009925 0.0757804 0.0757804 0.000554916 -0.118999
0.00995 0.0754763 0.0754763 0.000552679 -0.118522
0.009975 0.0751666 0.0751666 0.000550365 -0.118036
0.01 0.074851 0.074851 0.000547978 -0.11754
0.010025 0.0745292 0.0745292 0.000545521 -0.117035
0.01005 0.0742008 0.0742008 0.000542997 -0.116519
0.010075 0.0738655 0.0738655 0.00054041 -0.115992
0.0101 0.0735231 0.0735231 0.000537764 -0.115455
0.010125 0.0731731 0.0731731 0.000535062 -0.114905
0.01015 0.0728154 0.0728154 0.000532307 -0.114343
0.010175 0.0724497 0.0724497 0.000529502 -0.113769
0.0102 0.0720758 0.0720758 0.00052665 -0.113182
0.010225 0.0716934 0.0716934 0.000523755 -0.112581
0.01025 0.0713023 0.0713023 0.000520818 -0.111967
0.010275 0.0709024 0.0709024 0.000517843 -0.111339
0.0103 0.0704935 0.0704935 0.000514833 -0.110697
0.010325 0.0700755 0.0700755 0.00051179 -0.110041
0.01035 0.0696483 0.0696483 0.000508717 -0.10937
0.010375 0.0692119 0.0692119 0.000505616 -0.108685
0.0104 0.0687662 0.0687662 0.000502488 -0.107985
0.010425 0.0683112 0.0683112 0.000499338 -0.10727
0.01045 0.0678469 0.0678469 0.000496166 -0.106541
0.010475 0.0673733 0.0673733 0.000492975 -0.105797
0.0105 0.0668906 0.0668906 0.000489767 -0.105039
0.010525 0.0663988 0.0663988 0.000486543 -0.104267
0.01055 0.065898 0.065898 0.000483306 -0.103481
0.010575 0.0653883 0.0653883 0.000480058 -0.10268
0.0106 0.0648699 0.0648699 0.000476799 -0.101866
0.010625 0.064343 0.064343 0.000473532 -0.101039
0.01065 0.0638077 0.0638077 0.000470259 -0.100198
0.010675 0.0632642 0.0632642 0.00046698 -0.0993445
0.0107 0.0627127 0.0627127 0.000463697 -0.0984784
0.010725 0.0621534 0.0621534 0.000460413 -0.0976001
0.01075 0.0615864 0.0615864 0.000457127 -0.0967098
0.010775 0.0610121 0.0610122 0.000453843 -0.095808
0.0108 0.0604307 0.0604307 0.00045056 -0.0948948
0.010825 0.0598422 0.0598422 0.000447282 -0.0939707
0.01085 0.059247 0.059247 0.000444008 -0.093036
0.010875 0.0586452 0.0586452 0.00044074 -0.092091
0.0109 0.058037 0.058037 0.00043748 -0.0911359
0.010925 0.0574226 0.0574226 0.000434229 -0.0901711
0.01095 0.0568021 0.0568021 0.000430989 -0.0891968
0.010975 0.0561758 0.0561758 0.00042776 -0.0882132
0.011 0.0555437 0.0555437 0.000424544 -0.0872206
0.011025 0.054906 0.054906 0.000421342 -0.0862192
0.01105 0.0542628 0.0542628 0.000418155 -0.0852092
0.011075 0.0536142 0.0536142 0.000414986 -0.0841906
0.0111 0.0529602 0.0529602 0.000411835 -0.0831637
0.011125 0.0523009 0.052301 0.000408703 -0.0821284
0.01115 0.0516365 0.0516365 0.000405592 -0.081085
0.011175 0.0509667 0.0509667 0.000402503 -0.0800333
0.0112 0.0502918 0.0502918 0.000399438 -0.0789735
0.011225 0.0496117 0.0496117 0.000396397 -0.0779054
0.01125 0.0489263 0.0489263 0.000393383 -0.0768291
0.011275 0.0482355 0.0482355 0.000390396 -0.0757445
0.0113 0.0475394 0.0475394 0.000387439 -0.0746514
0.011325 0.0468379 0.0468379 0.000384512 -0.0735498
0.01135 0.0461307 0.0461307 0.000381617 -0.0724394
0.011375 0.0454179 0.0454179 0.000378756 -0.0713201
0.0114 0.0446993 0.0446993 0.00037593 -0.0701916
0.011425 0.0439747 0.0439747 0.00037314 -0.0690538
0.01145 0.043244 0.043244 0.00037039 -0.0679064
0.011475 0.0425069 0.0425069 0.00036768 -0.066749
0.0115 0.0417634 0.0417634 0.000365011 -0.0655815
0.011525 0.0410132 0.0410132 0.000362387 -0.0644035
0.01155 0.0402561 0.0402561 0.000359807 -0.0632146
0.011575 0.0394919 0.0394919 0.000357275 -0.0620146
0.0116 0.0387203 0.0387203 0.000354792 -0.060803
0.011625 0.0379411 0.0379411 0.00035236 -0.0595795
0.01165 0.0371542 0.0371542 0.00034998 -0.0583438
0.011675 0.0363591 0.0363591 0.000347656 -0.0570953
0.0117 0.0355557 0.0355557 0.000345389 -0.0558338
0.011725 0.0347438 0.0347438 0.000343182 -0.0545588
0.01175 0.0339198 0.0339198 0.000341035 -0.053265
0.011775 0.0330859 0.0330859 0.000338953 -0.0519555
0.0118 0.0322436 0.0322436 0.000336937 -0.050633
0.011825 0.0313932 0.0313932 0.00033499 -0.0492976
0.01185 0.0305342 0.0305342 0.000333113 -0.0479487
0.011875 0.0296659 0.0296659 0.00033131 -0.0465852
0.0119 0.0287875 0.0287875 0.000329581 -0.0452059
0.011925 0.0278983 0.0278983 0.000327931 -0.0438096
0.01195 0.0269978 0.0269979 0.00032636 -0.0423957
0.011975 0.0260858 0.0260858 0.000324872 -0.0409636
0.012 0.0251622 0.0251622 0.000323467 -0.0395132
0.012025 0.024227 0.024227 0.000322149 -0.0380447
0.01205 0.0232802 0.0232802 0.000320919 -0.0365579
0.012075 0.0223217 0.0223217 0.000319779 -0.0350529
0.0121 0.0213516 0.0213516 0.00031873 -0.0335295
0.012125 0.0203695 0.0203696 0.000317775 -0.0319874
0.01215 0.0193755 0.0193755 0.000316915 -0.0304264
0.012175 0.0183692 0.0183692 0.000316152 -0.0288463
0.0122 0.0173508 0.0173508 0.000315485 -0.027247
0.012225 0.01632 0.01632 0.000314917 -0.0256284
0.01225 0.0152771 0.0152771 0.000314448 -0.0239907
0.012275 0.014222 0.014222 0.00031408 -0.0223339
0.0123 0.0131549 0.0131549 0.000313811 -0.0206583
0.012325 0.012076 0.012076 0.000313644 -0.018964
0.01235 0.0109853 0.0109853 0.000313577 -0.0172513
0.012375 0.00988313 0.00988313 0.00031361 -0.0155205
0.0124 0.00876965 0.00876965 0.000313744 -0.013772
0.012425 0.00764512 0.00764512 0.000313978 -0.0120061
0.01245 0.00650984 0.00650984 0.000314311 -0.0102234
0.012475 0.00536413 0.00536413 0.000314743 -0.00842421
0.0125 0.00420835 0.00420835 0.000315273 -0.00660926
0.012525 0.0030429 0.0030429 0.0003159 -0.00477911
0.01255 0.00186819 0.00186819 0.000316623 -0.00293444
0.012575 0.000684689 0.000684691 0.00031744 -0.00107594
0.0126 -0.000507137 -0.000507135 0.00031835 0.000795626
0.012625 -0.00170679 -0.00170679 0.000319351 0.00267948
0.01265 -0.00291375 -0.00291375 0.000320442 0.00457482
0.012675 -0.00412748 -0.00412748 0.000321621 0.00648079
0.0127 -0.00534743 -0.00534743 0.000322885 0.00839653
0.012725 -0.00657304 -0.00657304 0.000324232 0.0103212
0.01275 -0.00780375 -0.00780375 0.000325661 0.0122538
0.012775 -0.00903897 -0.00903897 0.000327168 0.0141935
0.0128 -0.0102781 -0.0102781 0.000328752 0.0161394
0.012825 -0.0115207 -0.0115207 0.00033041 0.0180906
0.01285 -0.012766 -0.012766 0.000332139 0.0200462
0.012875 -0.0140114 -0.0140114 0.000333938 0.0220019
0.0129 -0.0152579 -0.0152579 0.000335803 0.0239594
0.012925 -0.0165064 -0.0165064 0.000337731 0.0259198
0.01295 -0.0177564 -0.0177564 0.00033972 0.0278828
0.012975 -0.0190073 -0.0190073 0.000341767 0.0298472
0.013 -0.0202584 -0.0202584 0.000343869 0.0318118
0.013025 -0.0215089 -0.0215089 0.000346024 0.0337755
0.01305 -0.022758 -0.022758 0.000348229 0.035737
0.013075 -0.0240051 -0.0240051 0.000350481 0.0376953
0.0131 -0.0252498 -0.0252498 0.000352777 0.0396499
0.013125 -0.0264919 -0.0264919 0.000355115 0.0416004
0.01315 -0.0277312 -0.0277312 0.000357491 0.0435464
0.013175 -0.0289674 -0.0289674 0.000359904 0.0454877
0.0132 -0.0302005 -0.0302005 0.000362351 0.047424
0.013225 -0.0314301 -0.0314301 0.000364828 0.049355
0.01325 -0.0326562 -0.0326562 0.000367333 0.0512802
0.013275 -0.0338783 -0.0338783 0.000369865 0.0531994
0.0133 -0.0350965 -0.0350965 0.000372419 0.0551123
0.013325 -0.0363104 -0.0363104 0.000374994 0.0570185
0.01335 -0.0375201 -0.0375201 0.000377587 0.0589181
0.013375 -0.0387275 -0.0387275 0.000380196 0.0608141
0.0134 -0.039931 -0.039931 0.000382818 0.062704
0.013425 -0.0411295 -0.0411295 0.000385452 0.064586
0.01345 -0.0423226 -0.0423226 0.000388094 0.0664595
0.013475 -0.0435105 -0.0435105 0.000390742 0.0683249
0.0135 -0.0446936 -0.0446936 0.000393395 0.0701827
0.013525 -0.0458721 -0.0458721 0.00039605 0.0720334
0.01355 -0.0470466 -0.0470466 0.000398705 0.0738776
0.013575 -0.0482171 -0.0482171 0.000401358 0.0757157
0.0136 -0.0493838 -0.0493838 0.000404006 0.0775478
0.013625 -0.0505466 -0.0505466 0.000406649 0.0793738
0.01365 -0.0517055 -0.0517055 0.000409283 0.0811937
0.013675 -0.0528605 -0.0528605 0.000411906 0.0830073
0.0137 -0.0540114 -0.0540114 0.000414517 0.0848146
0.013725 -0.0551584 -0.0551584 0.000417114 0.0866157
0.01375 -0.0563015 -0.0563015 0.000419695 0.0884108
0.013775 -0.0574409 -0.0574409 0.000422258 0.0902
0.0138 -0.0585765 -0.0585765 0.000424801 0.0919833
0.013825 -0.0597085 -0.0597085 0.000427322 0.0937609
0.01385 -0.0608369 -0.0608369 0.00042982 0.0955328
0.013875 -0.0619616 -0.0619616 0.000432292 0.0972989
0.0139 -0.0630825 -0.0630825 0.000434736 0.0990592
0.013925 -0.0641997 -0.0641997 0.000437152 0.100814
0.01395 -0.0653131 -0.0653131 0.000439537 0.102562
0.013975 -0.0664226 -0.0664226 0.000441889 0.104304
0.014 -0.0675281 -0.0675281 0.000444206 0.10604
0.014025 -0.0686295 -0.0686295 0.000446487 0.10777
0.01405 -0.0697267 -0.0697267 0.00044873 0.109493
0.014075 -0.0708195 -0.0708195 0.000450932 0.111209
0.0141 -0.0719078 -0.0719078 0.000453092 0.112918
0.014125 -0.0729915 -0.0729915 0.000455208 0.11462
0.01415 -0.0740702 -0.0740702 0.000457277 0.116314
0.014175 -0.0751438 -0.0751438 0.000459299 0.117999
0.0142 -0.0762087 -0.0762087 0.000461271 0.119672
0.014225 -0.0772672 -0.0772672 0.00046319 0.121334
0.01425 -0.078321 -0.078321 0.000465056 0.122989
0.014275 -0.0793702 -0.0793702 0.000466865 0.124636
0.0143 -0.0804142 -0.0804142 0.000468615 0.126276
0.014325 -0.0814522 -0.0814522 0.000470305 0.127906
0.01435 -0.0824833 -0.0824833 0.000471932 0.129525
0.014375 -0.0835069 -0.0835069 0.000473494 0.131132
0.0144 -0.0845221 -0.0845221 0.000474989 0.132727
0.014425 -0.0855287 -0.0855287 0.000476414 0.134307
0.01445 -0.0865263 -0.0865263 0.000477767 0.135874
0.014475 -0.087515 -0.087515 0.000479046 0.137427
0.0145 -0.0884944 -0.0884944 0.000480248 0.138965
0.014525 -0.0894642 -0.0894642 0.00048137 0.140488
0.01455 -0.0904242 -0.0904242 0.00048241 0.141995
0.014575 -0.0913738 -0.0913738 0.000483367 0.143486
0.0146 -0.0923127 -0.0923127 0.000484236 0.144961
0.014625 -0.0932402 -0.0932402 0.000485016 0.146417
0.01465 -0.0941561 -0.0941561 0.000485704 0.147856
0.014675 -0.0950599 -0.0950599 0.000486297 0.149275
0.0147 -0.0959511 -0.0959511 0.000486793 0.150675
0.014725 -0.0968345 -0.0968345 0.000487189 0.152062
0.01475 -0.0977058 -0.0977058 0.000487482 0.15343
0.014775 -0.0985617 -0.0985617 0.000487671 0.154774
0.0148 -0.0994014 -0.0994014 0.000487751 0.156093
0.014825 -0.100225 -0.100225 0.000487722 0.157386
0.01485 -0.101033 -0.101033 0.00048758 0.158654
0.014875 -0.101825 -0.101825 0.000487322 0.159898
0.0149 -0.102602 -0.102602 0.000486946 0.161119
0.014925 -0.103364 -0.103364 0.00048645 0.162316
0.01495 -0.104111 -0.104111 0.000485831 0.163489
0.014975 -0.104843 -0.104843 0.000485087 0.164638
0.015 -0.105558 -0.105558 0.000484215 0.16576
0.015025 -0.106256 -0.106256 0.000483214 0.166856
0.01505 -0.106936 -0.106936 0.00048208 0.167925
0.015075 -0.107599 -0.107599 0.000480813 0.168966
0.0151 -0.108244 -0.108244 0.00047941 0.169979
0.015125 -0.108865 -0.108865 0.000477869 0.170954
0.01515 -0.109466 -0.109466 0.000476188 0.171898
0.015175 -0.110051 -0.110051 0.000474366 0.172817
0.0152 -0.110621 -0.110621 0.000472401 0.173712
0.015225 -0.111175 -0.111175 0.000470292 0.174582
0.01525 -0.111712 -0.111712 0.000468038 0.175424
0.015275 -0.11223 -0.11223 0.000465637 0.176238
0.0153 -0.112729 -0.112729 0.000463089 0.177021
0.015325 -0.113207 -0.113207 0.000460393 0.177772
0.01535 -0.113665 -0.113665 0.000457548 0.178491
0.015375 -0.114102 -0.114102 0.000454555 0.179179
0.0154 -0.11452 -0.11452 0.000451412 0.179835
0.015425 -0.114919 -0.114919 0.00044812 0.18046
0.01545 -0.115297 -0.115297 0.00044468 0.181055
0.015475 -0.115657 -0.115657 0.00044109 0.18162
0.0155 -0.115997 -0.115997 0.000437353 0.182153
0.015525 -0.116317 -0.116317 0.000433469 0.182656
0.01555 -0.116618 -0.116618 0.000429439 0.183128
0.015575 -0.116898 -0.116898 0.000425264 0.183569
0.0156 -0.117159 -0.117159 0.000420945 0.183979
0.015625 -0.1174 -0.1174 0.000416484 0.184357
0.01565 -0.117622 -0.117622 0.000411883 0.184705
0.015675 -0.117823 -0.117823 0.000407143 0.185022
0.0157 -0.118006 -0.118006 0.000402266 0.185308
0.015725 -0.118169 -0.118169 0.000397256 0.185564
0.01575 -0.118313 -0.118313 0.000392113 0.18579
0.015775 -0.118438 -0.118438 0.000386842 0.185986
0.0158 -0.118544 -0.118544 0.000381445 0.186152
0.015825 -0.11863 -0.11863 0.000375924 0.186289
0.01585 -0.118699 -0.118699 0.000370284 0.186396
0.015875 -0.118748 -0.118748 0.000364528 0.186474
0.0159 -0.11878 -0.11878 0.000358658 0.186523
0.015925 -0.118793 -0.118793 0.00035268 0.186543
0.01595 -0.118789 -0.118789 0.000346596 0.186537
0.015975 -0.118767 -0.118767 0.000340409 0.186503
0.016 -0.118727 -0.118727 0.000334125 0.186441
0.016025 -0.118669 -0.118669 0.000327746 0.18635
0.01605 -0.118594 -0.118594 0.000321277 0.186231
0.016075 -0.118501 -0.118501 0.00031472 0.186086
0.0161 -0.118392 -0.118392 0.000308081 0.185914
0.016125 -0.118266 -0.118266 0.000301362 0.185716
0.01615 -0.118124 -0.118124 0.000294568 0.185493
0.016175 -0.117966 -0.117966 0.000287702 0.185246
0.0162 -0.117793 -0.117793 0.000280769 0.184974
0.016225 -0.117605 -0.117605 0.000273772 0.184678
0.01625 -0.117401 -0.117401 0.000266716 0.184358
0.016275 -0.117183 -0.117183 0.000259604 0.184015
0.0163 -0.116949 -0.116949 0.00025244 0.183648
0.016325 -0.116702 -0.116702 0.000245228 0.18326
0.01635 -0.11644 -0.11644 0.000237972 0.182849
0.016375 -0.116165 -0.116165 0.000230675 0.182416
0.0164 -0.115876 -0.115876 0.000223343 0.181963
0.016425 -0.115574 -0.115574 0.000215977 0.181489
0.01645 -0.11526 -0.11526 0.000208583 0.180995
0.016475 -0.114933 -0.114933 0.000201164 0.180481
0.0165 -0.114593 -0.114593 0.000193723 0.179948
0.016525 -0.114242 -0.114242 0.000186265 0.179397
0.01655 -0.113879 -0.113879 0.000178792 0.178827
0.016575 -0.113505 -0.113505 0.000171309 0.17824
0.0166 -0.11312 -0.11312 0.000163818 0.177635
0.016625 -0.112725 -0.112725 0.000156325 0.177014
0.01665 -0.112319 -0.112319 0.000148831 0.176376
0.016675 -0.111903 -0.111903 0.00014134 0.175723
0.0167 -0.111477 -0.111477 0.000133856 0.175054
0.016725 -0.111042 -0.111042 0.000126382 0.174371
0.01675 -0.110598 -0.110598 0.000118922 0.173673
0.016775 -0.110145 -0.110145 0.000111478 0.172962
0.0168 -0.109683 -0.109683 0.000104054 0.172237
0.016825 -0.109214 -0.109214 9.66533e-05 0.1715
0.01685 -0.108736 -0.108736 8.9279e-05 0.17075
0.016875 -0.108251 -0.108251 8.19343e-05 0.169988
0.0169 -0.107759 -0.107759 7.46225e-05 0.169215
0.016925 -0.107262 -0.107262 6.73465e-05 0.168434
0.01695 -0.106758 -0.106758 6.011e-05 0.167644
0.016975 -0.106248 -0.106248 5.29157e-05 0.166842
0.017 -0.10573 -0.10573 4.57668e-05 0.16603
0.017025 -0.105206 -0.105206 3.86666e-05 0.165207
0.01705 -0.104677 -0.104677 3.16182e-05 0.164375
0.017075 -0.104141 -0.104141 2.46247e-05 0.163534
0.0171 -0.103601 -0.103601 1.76894e-05 0.162686
0.017125 -0.103056 -0.103056 1.08153e-05 0.16183
0.01715 -0.102508 -0.102508 4.0058e-06 0.160969
0.017175 -0.101955 -0.101955 -2.73603e-06 0.160101
0.0172 -0.101398 -0.101398 -9.40691e-06 0.159226
0.017225 -0.100838 -0.100838 -1.60036e-05 0.158346
0.01725 -0.100274 -0.100274 -2.25228e-05 0.157461
0.017275 -0.0997068 -0.0997068 -2.89613e-05 0.15657
0.0173 -0.0991366 -0.0991366 -3.53158e-05 0.155675
0.017325 -0.0985636 -0.0985636 -4.1583e-05 0.154775
0.01735 -0.0979881 -0.0979881 -4.77595e-05 0.153871
0.017375 -0.0974104 -0.0974104 -5.38421e-05 0.152964
0.0174 -0.0968305 -0.0968305 -5.98274e-05 0.152053
0.017425 -0.0962488 -0.0962488 -6.57119e-05 0.15114
0.01745 -0.0956655 -0.0956655 -7.14924e-05 0.150224
0.017475 -0.0950806 -0.0950806 -7.71654e-05 0.149305
0.0175 -0.0944944 -0.0944944 -8.27275e-05 0.148385
0.017525 -0.093907 -0.093907 -8.81753e-05 0.147462
0.01755 -0.0933187 -0.0933187 -9.35054e-05 0.146539
0.017575 -0.0927297 -0.0927297 -9.87144e-05 0.145614
0.0176 -0.0921401 -0.0921401 -0.000103799 0.144688
0.017625 -0.09155 -0.09155 -0.000108755 0.143761
0.01765 -0.0909597 -0.0909597 -0.00011358 0.142834
0.017675 -0.0903693 -0.0903693 -0.000118271 0.141907
0.0177 -0.089779 -0.089779 -0.000122823 0.14098
0.017725 -0.0891889 -0.0891889 -0.000127234 0.140053
0.01775 -0.0885992 -0.0885992 -0.0001315 0.139127
0.017775 -0.08801 -0.08801 -0.000135618 0.138202
0.0178 -0.0874215 -0.0874215 -0.000139585 0.137278
0.017825 -0.0868338 -0.0868338 -0.000143397 0.136355
0.01785 -0.0862471 -0.0862471 -0.000147052 0.135434
0.017875 -0.0856615 -0.0856615 -0.000150546 0.134514
0.0179 -0.0850772 -0.0850772 -0.000153876 0.133597
0.017925 -0.0844942 -0.0844942 -0.000157039 0.132681
0.01795 -0.0839129 -0.0839129 -0.000160033 0.131768
0.017975 -0.0833332 -0.0833332 -0.000162855 0.130858
0.018 -0.0827553 -0.0827553 -0.000165502 0.129951
0.018025 -0.0821794 -0.0821794 -0.00016797 0.129046
0.01805 -0.0816057 -0.0816057 -0.000170259 0.128145
0.018075 -0.0810342 -0.0810342 -0.000172365 0.127248
0.0181 -0.0804651 -0.0804651 -0.000174287 0.126354
0.018125 -0.0798986 -0.0798986 -0.000176021 0.125465
0.01815 -0.0793349 -0.0793349 -0.000177566 0.124579
0.018175 -0.078774 -0.078774 -0.000178921 0.123699
0.0182 -0.0782161 -0.0782161 -0.000180082 0.122823
0.018225 -0.0776613 -0.0776613 -0.00018105 0.121952
0.01825 -0.07711 -0.0771099 -0.000181822 0.121086
0.018275 -0.076562 -0.076562 -0.000182397 0.120225
0.0183 -0.0760178 -0.0760178 -0.000182774 0.119371
0.018325 -0.0754773 -0.0754773 -0.000182952 0.118522
0.01835 -0.0749408 -0.0749408 -0.000182931 0.11768
0.018375 -0.0744084 -0.0744084 -0.000182708 0.116844
0.0184 -0.0738803 -0.0738803 -0.000182286 0.116014
0.018425 -0.0733567 -0.0733567 -0.000181662 0.115192
0.01845 -0.0728376 -0.0728376 -0.000180837 0.114377
0.018475 -0.0723234 -0.0723234 -0.000179811 0.11357
0.0185 -0.071814 -0.071814 -0.000178584 0.11277
0.018525 -0.0713098 -0.0713098 -0.000177158 0.111978
0.01855 -0.0708108 -0.0708108 -0.000175531 0.111195
0.018575 -0.0703173 -0.0703173 -0.000173706 0.11042
0.0186 -0.0698293 -0.0698293 -0.000171684 0.109653
0.018625 -0.0693471 -0.0693471 -0.000169465 0.108896
0.01865 -0.0688707 -0.0688707 -0.000167051 0.108148
0.018675 -0.0684005 -0.0684004 -0.000164444 0.10741
0.0187 -0.0679364 -0.0679364 -0.000161645 0.106681
0.018725 -0.0674786 -0.0674786 -0.000158657 0.105962
0.01875 -0.0670274 -0.0670274 -0.000155481 0.105254
0.018775 -0.0665828 -0.0665828 -0.000152119 0.104556
0.0188 -0.0661423 -0.0661423 -0.000148575 0.103864
0.018825 -0.0657081 -0.0657081 -0.000144851 0.103182
0.01885 -0.0652818 -0.0652818 -0.000140949 0.102513
0.018875 -0.0648639 -0.0648639 -0.000136873 0.101857
0.0189 -0.0644544 -0.0644544 -0.000132624 0.101214
0.018925 -0.0640529 -0.0640528 -0.000128208 0.100583
0.01895 -0.0636591 -0.0636591 -0.000123626 0.099965
0.018975 -0.0632727 -0.0632727 -0.000118882 0.0993583
0.019 -0.0628936 -0.0628936 -0.00011398 0.0987632
0.019025 -0.0625219 -0.0625219 -0.000108923 0.0981795
0.01905 -0.0621578 -0.0621578 -0.000103715 0.0976078
0.019075 -0.0618015 -0.0618015 -9.83583e-05 0.0970483
0.0191 -0.0614532 -0.0614532 -9.28573e-05 0.0965015
0.019125 -0.0611131 -0.0611131 -8.72158e-05 0.0959675
0.01915 -0.0607813 -0.0607813 -8.14377e-05 0.0954465
0.019175 -0.0604578 -0.0604578 -7.5527e-05 0.0949385
0.0192 -0.0601425 -0.0601425 -6.94878e-05 0.0944435
0.019225 -0.0598355 -0.0598355 -6.33244e-05 0.0939615
0.01925 -0.0595367 -0.0595367 -5.7041e-05 0.0934923
0.019275 -0.0592461 -0.0592461 -5.06421e-05 0.0930361
0.0193 -0.0589639 -0.0589638 -4.41316e-05 0.0925929
0.019325 -0.0586899 -0.0586899 -3.75141e-05 0.0921627
0.01935 -0.0584242 -0.0584242 -3.0794e-05 0.0917456
0.019375 -0.0581669 -0.0581669 -2.39757e-05 0.0913416
0.0194 -0.0579178 -0.0579178 -1.70637e-05 0.0909506
0.019425 -0.0576771 -0.0576771 -1.00626e-05 0.0905725
0.01945 -0.0574445 -0.0574445 -2.97683e-06 0.0902074
0.019475 -0.0572201 -0.0572201 4.18923e-06 0.0898551
0.0195 -0.0570038 -0.0570038 1.14311e-05 0.0895155
0.019525 -0.0567956 -0.0567956 1.87442e-05 0.0891885
0.01955 -0.0565953 -0.0565953 2.6124e-05 0.0888741
0.019575 -0.056403 -0.056403 3.35661e-05 0.0885721
0.0196 -0.0562184 -0.0562184 4.1066e-05 0.0882823
0.019625 -0.0560415 -0.0560415 4.86192e-05 0.0880046
0.01965 -0.0558723 -0.0558723 5.62215e-05 0.0877388
0.019675 -0.0557105 -0.0557105 6.38683e-05 0.0874848
0.0197 -0.0555561 -0.0555561 7.15553e-05 0.0872424
0.019725 -0.0554089 -0.0554089 7.92781e-05 0.0870112
0.01975 -0.0552687 -0.0552687 8.70323e-05 0.0867912
0.019775 -0.0551355 -0.0551355 9.48137e-05 0.086582
0.0198 -0.055009 -0.055009 0.000102618 0.0863834
0.019825 -0.0548891 -0.0548891 0.00011044 0.0861951
0.01985 -0.0547756 -0.0547756 0.000118277 0.0860168
0.019875 -0.0546683 -0.0546683 0.000126124 0.0858483
0.0199 -0.054567 -0.054567 0.000133976 0.0856892
0.019925 -0.0544714 -0.0544715 0.00014183 0.0855392
0.01995 -0.0543815 -0.0543815 0.000149681 0.085398
0.019975 -0.0542969 -0.0542969 0.000157525 0.0852651
0.02 -0.0542174 -0.0542174 0.000165357 0.0851403
