(
	( 0	1300000000.000000 )
	( 0.000946	1302462993.370913 )
	( 0.001278	1316104259.132571 )
	( 0.001632	1329370893.497215 )
	( 0.002010	1342266466.899190 )
	( 0.002411	1354796169.576412 )
	( 0.002834	1366964978.196131 )
	( 0.003280	1378775752.903769 )
	( 0.003748	1390228120.877074 )
	( 0.004239	1401319290.266135 )
	( 0.004752	1412046508.822138 )
	( 0.005289	1422409164.214272 )
	( 0.005848	1432409380.859154 )
	( 0.006430	1442051685.511642 )
	( 0.007034	1451342313.161930 )
	( 0.007660	1460288150.663103 )
	( 0.008307	1468895887.823462 )
	( 0.008975	1477171658.723620 )
	( 0.009663	1485120596.134799 )
	( 0.010373	1492746868.324282 )
	( 0.011102	1500055054.617392 )
	( 0.011851	1507051710.686641 )
	( 0.012620	1513745687.824210 )
	( 0.013408	1520147488.922631 )
	( 0.014213	1526268515.806241 )
	( 0.015036	1532120488.324615 )
	( 0.015875	1537715028.387647 )
	( 0.016731	1543063401.876248 )
	( 0.017601	1548176411.374122 )
	( 0.018487	1553064432.838175 )
	( 0.019386	1557737589.565462 )
	( 0.020299	1562206057.034373 )
	( 0.021225	1566480492.312696 )
	( 0.022162	1570572581.654861 )
	( 0.023112	1574495414.764164 )
	( 0.024071	1578263108.915910 )
	( 0.025040	1581889675.818547 )
	( 0.026018	1585387693.777348 )
	( 0.027004	1588767346.253416 )
	( 0.027997	1592036387.082005 )
	( 0.028998	1595201025.313689 )
	( 0.030006	1598267155.591399 )
	( 0.031020	1601241361.954795 )
	( 0.032040	1604131124.362250 )
	( 0.033066	1606944224.622047 )
	( 0.034097	1609687915.473387 )
	( 0.035133	1612368132.313809 )
	( 0.036173	1614988743.363172 )
	( 0.037218	1617551116.929741 )
	( 0.038267	1620054567.580797 )
	( 0.039321	1622497679.444423 )
	( 0.040380	1624879659.507987 )
	( 0.041443	1627200875.354371 )
	( 0.042511	1629462578.454127 )
	( 0.043584	1631666377.603434 )
	( 0.044661	1633813744.209920 )
	( 0.045742	1635905548.590640 )
	( 0.046828	1637941906.890352 )
	( 0.047918	1639922618.501951 )
	( 0.049013	1641847632.588850 )
	( 0.050112	1643717262.293798 )
	( 0.051216	1645532707.224448 )
	( 0.052324	1647296604.633644 )
	( 0.053436	1649013048.333899 )
	( 0.054551	1650687075.091219 )
	( 0.055670	1652323617.512809 )
	( 0.056792	1653926478.887079 )
	( 0.057917	1655497885.491597 )
	( 0.059045	1657038612.802251 )
	( 0.060176	1658548682.828679 )
	( 0.061309	1660028075.483332 )
	( 0.062446	1661476897.349751 )
	( 0.063586	1662895286.240127 )
	( 0.064728	1664283329.935622 )
	( 0.065874	1665640999.049959 )
	( 0.067022	1666968093.983005 )
	( 0.068173	1668264205.998500 )
	( 0.069328	1669528692.560375 )
	( 0.070486	1670760667.186139 )
	( 0.071647	1671959279.791718 )
	( 0.072811	1673124563.562733 )
	( 0.073978	1674258021.883493 )
	( 0.075148	1675362128.392569 )
	( 0.076321	1676439566.126262 )
	( 0.077497	1677492756.875331 )
	( 0.078676	1678523129.355210 )
	( 0.079856	1679530398.448295 )
	( 0.081040	1680512403.959908 )
	( 0.082227	1681465507.742759 )
	( 0.083417	1682385549.024339 )
	( 0.084610	1683268812.606095 )
	( 0.085808	1684112464.919925 )
	( 0.087009	1684914733.952450 )
	( 0.088215	1685675108.585011 )
	( 0.089424	1686394286.338363 )
	( 0.090638	1687073597.814259 )
	( 0.091855	1687714452.114228 )
	( 0.093076	1688318347.120786 )
	( 0.094301	1688887171.278816 )
	( 0.095529	1689423252.589650 )
	( 0.096760	1689928882.862363 )
	( 0.097995	1690405857.958302 )
	( 0.099232	1690855574.782214 )
	( 0.100473	1691279412.650105 )
	( 0.101717	1691678857.296836 )
	( 0.102963	1692055097.114007 )
	( 0.104212	1692408630.336099 )
	( 0.105464	1692739422.072114 )
	( 0.106719	1693047340.847396 )
	( 0.107977	1693332336.293362 )
	( 0.109238	1693594089.742932 )
	( 0.110502	1693831674.863135 )
	( 0.111768	1694043765.617965 )
	( 0.113038	1694229123.341223 )
	( 0.114312	1694386827.846917 )
	( 0.115589	1694515986.254703 )
	( 0.116869	1694615454.664960 )
	( 0.118153	1694684107.797481 )
	( 0.119440	1694721389.744763 )
	( 0.120731	1694727613.137528 )
	( 0.122026	1694703741.216269 )
	( 0.123324	1694651184.651469 )
	( 0.124625	1694572144.551265 )
	( 0.125929	1694470234.473251 )
	( 0.127236	1694350849.187145 )
	( 0.128545	1694220749.202159 )
	( 0.129856	1694086859.361724 )
	( 0.131168	1693954808.665767 )
	( 0.132480	1693827735.942917 )
	( 0.133794	1693706147.205371 )
	( 0.135108	1693589084.329861 )
	( 0.136424	1693475287.162371 )
	( 0.137741	1693363296.314165 )
	( 0.139059	1693251286.429206 )
	( 0.140379	1693137158.151743 )
	( 0.141700	1693018365.117287 )
	( 0.143024	1692891738.265058 )
	( 0.144349	1692753572.101528 )
	( 0.145678	1692599451.664690 )
	( 0.147009	1692424343.173036 )
	( 0.148344	1692223733.910651 )
	( 0.149683	1691994781.175789 )
	( 0.151025	1691736429.797717 )
	( 0.152371	1691449281.430259 )
	( 0.153721	1691135738.566137 )
	( 0.155073	1690799644.215115 )
	( 0.156429	1690445156.868216 )
	( 0.157787	1690075637.377849 )
	( 0.159148	1689693321.670224 )
	( 0.160511	1689299518.084166 )
	( 0.161877	1688894551.775986 )
	( 0.163245	1688477712.361548 )
	( 0.164615	1688047720.582655 )
	( 0.165988	1687603456.077076 )
	( 0.167364	1687144432.099856 )
	( 0.168743	1686670761.237306 )
	( 0.170124	1686183125.880643 )
	( 0.171508	1685683011.156262 )
	( 0.172894	1685172431.806947 )
	( 0.174282	1684653151.739711 )
	( 0.175673	1684126418.272733 )
	( 0.177065	1683593210.536807 )
	( 0.178460	1683054234.660371 )
	( 0.179856	1682509918.896319 )
	( 0.181255	1681960664.072733 )
	( 0.182655	1681406840.255921 )
	( 0.184058	1680848782.338660 )
	( 0.185462	1680287039.342011 )
	( 0.186868	1679722369.976362 )
	( 0.188276	1679155736.284036 )
	( 0.189685	1678588549.114056 )
	( 0.191096	1678022407.375920 )
	( 0.192508	1677458329.829886 )
	( 0.193922	1676896487.526968 )
	( 0.195337	1676336436.811963 )
	( 0.196754	1675777096.812052 )
	( 0.198172	1675216721.905214 )
	( 0.199592	1674653372.326839 )
	( 0.201015	1674085632.370161 )
	( 0.202439	1673513075.920725 )
	( 0.203865	1672936230.292442 )
	( 0.205293	1672356538.611481 )
	( 0.206723	1671776571.450887 )
	( 0.208154	1671199738.976030 )
	( 0.209586	1670629253.382612 )
	( 0.211019	1670067087.641549 )
	( 0.212452	1669513674.171467 )
	( 0.213887	1668968093.361656 )
	( 0.215323	1668428006.349378 )
	( 0.216760	1667889826.324615 )
	( 0.218199	1667349872.162058 )
	( 0.219640	1666805517.252098 )
	( 0.221084	1666255346.461934 )
	( 0.222529	1665699063.837938 )
	( 0.223977	1665137647.234015 )
	( 0.225426	1664573257.225094 )
	( 0.226877	1664009144.692927 )
	( 0.228329	1663449802.802132 )
	( 0.229782	1662900625.533004 )
	( 0.231235	1662366825.388545 )
	( 0.232687	1661852343.088321 )
	( 0.234140	1661359479.659221 )
	( 0.235592	1660889247.130703 )
	( 0.237043	1660441946.512469 )
	( 0.238494	1660017484.510175 )
	( 0.239944	1659615185.680771 )
	( 0.241394	1659233586.631825 )
	( 0.242844	1658870699.231985 )
	( 0.244294	1658524500.176979 )
	( 0.245744	1658193162.748229 )
	( 0.247195	1657874790.174941 )
	( 0.248646	1657567135.779439 )
	( 0.250098	1657267795.132471 )
	( 0.251551	1656974629.321903 )
	( 0.253005	1656685937.960619 )
	( 0.254460	1656400142.689922 )
	( 0.255917	1656115463.783061 )
	( 0.257376	1655830072.380692 )
	( 0.258836	1655542478.443818 )
	( 0.260298	1655251675.220401 )
	( 0.261763	1654956801.848665 )
	( 0.263229	1654656803.769507 )
	( 0.264697	1654350570.531634 )
	( 0.266168	1654037311.890728 )
	( 0.267641	1653716695.074317 )
	( 0.269117	1653388505.664451 )
	( 0.270595	1653052308.844630 )
	( 0.272075	1652707587.684783 )
	( 0.273558	1652354120.241331 )
	( 0.275043	1651992120.492125 )
	( 0.276531	1651621906.465015 )
	( 0.278021	1651243569.455917 )
	( 0.279513	1650857118.167887 )
	( 0.281008	1650462860.479888 )
	( 0.282506	1650061550.053931 )
	( 0.284005	1649654062.068789 )
	( 0.285507	1649241069.129593 )
	( 0.287011	1648823188.327911 )
	( 0.288517	1648401363.059763 )
	( 0.290025	1647977008.949659 )
	( 0.291534	1647551689.035397 )
	( 0.293045	1647126786.343933 )
	( 0.294558	1646703641.898959 )
	( 0.296072	1646283922.590841 )
	( 0.297587	1645869750.329695 )
	( 0.299103	1645463358.453637 )
	( 0.300619	1645066740.581923 )
	( 0.302136	1644681757.036678 )
	( 0.303654	1644310464.155237 )
	( 0.305171	1643955200.119800 )
	( 0.306688	1643618194.307141 )
	( 0.308204	1643301162.716869 )
	( 0.309720	1643005352.107894 )
	( 0.311235	1642731799.611067 )
	( 0.312750	1642481344.355612 )
	( 0.314264	1642254160.016969 )
	( 0.315777	1642049269.275390 )
	( 0.317289	1641864501.588642 )
	( 0.318801	1641696663.982888 )
	( 0.320314	1641541695.232939 )
	( 0.321827	1641395034.427054 )
	( 0.323342	1641252435.378602 )
	( 0.324858	1641110770.812468 )
	( 0.326376	1640968370.064014 )
	( 0.327895	1640824893.476271 )
	( 0.329416	1640680745.929191 )
	( 0.330939	1640536486.684859 )
	( 0.332464	1640392464.906996 )
	( 0.333990	1640248224.627781 )
	( 0.335517	1640102132.612983 )
	( 0.337047	1639951911.628329 )
	( 0.338580	1639795397.837282 )
	( 0.340114	1639630841.386754 )
	( 0.341652	1639456978.786179 )
	( 0.343192	1639273105.501522 )
	( 0.344734	1639079149.517575 )
	( 0.346280	1638875746.278311 )
	( 0.347827	1638664315.026455 )
	( 0.349378	1638447136.128867 )
	( 0.350930	1638227203.862751 )
	( 0.352483	1638007628.677963 )
	( 0.354038	1637791036.997817 )
	( 0.355594	1637579416.550174 )
	( 0.357151	1637374180.577342 )
	( 0.358708	1637176224.598250 )
	( 0.360267	1636985974.838089 )
	( 0.361826	1636803427.760900 )
	( 0.363386	1636628180.431311 )
	( 0.364947	1636459451.698210 )
	( 0.366508	1636296316.788490 )
	( 0.368071	1636138378.065777 )
	( 0.369635	1635986205.273957 )
	( 0.371200	1635840878.332509 )
	( 0.372765	1635703299.516210 )
	( 0.374331	1635573941.609381 )
	( 0.375898	1635452809.210726 )
	( 0.377465	1635339390.563110 )
	( 0.379034	1635232820.441351 )
	( 0.380603	1635132474.883206 )
	( 0.382173	1635038336.549007 )
	( 0.383744	1634950469.417680 )
	( 0.385316	1634868484.161996 )
	( 0.386888	1634791875.498950 )
	( 0.388462	1634720571.457295 )
	( 0.390037	1634655034.510360 )
	( 0.391612	1634596134.651781 )
	( 0.393188	1634545014.233689 )
	( 0.394765	1634502725.836502 )
	( 0.396342	1634469424.342043 )
	( 0.397920	1634443767.526615 )
	( 0.399499	1634423397.646050 )
	( 0.401079	1634406067.642458 )
	( 0.402661	1634390322.566145 )
	( 0.404244	1634375519.827772 )
	( 0.405828	1634361625.530867 )
	( 0.407414	1634349005.466609 )
	( 0.409001	1634338210.855838 )
	( 0.410589	1634329758.679525 )
	( 0.412179	1634323906.326764 )
	( 0.413770	1634320636.040907 )
	( 0.415362	1634320064.739379 )
	( 0.416955	1634322847.178079 )
	( 0.418550	1634330140.350663 )
	( 0.420145	1634343344.917114 )
	( 0.421740	1634363839.216183 )
	( 0.423336	1634392705.083756 )
	( 0.424933	1634430444.715234 )
	( 0.426530	1634476687.994623 )
	( 0.428128	1634530103.861105 )
	( 0.429726	1634588943.432732 )
	( 0.431326	1634652001.178543 )
	( 0.432927	1634719139.074046 )
	( 0.434528	1634791160.756444 )
	( 0.436130	1634869464.181264 )
	( 0.437733	1634955686.526298 )
	( 0.439336	1635051340.593793 )
	( 0.440939	1635157441.817507 )
	( 0.442542	1635274125.060441 )
	( 0.444146	1635400462.434014 )
	( 0.445750	1635534905.471458 )
	( 0.447355	1635676139.783046 )
	( 0.448960	1635823505.249010 )
	( 0.450566	1635976770.918090 )
	( 0.452173	1636135689.358627 )
	( 0.453781	1636299753.417199 )
	( 0.455389	1636468366.208121 )
	( 0.456999	1636641002.942958 )
	( 0.458609	1636816943.266700 )
	( 0.460221	1636994785.558123 )
	( 0.461834	1637172164.409259 )
	( 0.463450	1637346091.258398 )
	( 0.465067	1637513918.727454 )
	( 0.466687	1637674300.578084 )
	( 0.468310	1637827520.129188 )
	( 0.469934	1637975188.657753 )
	( 0.471561	1638119733.415625 )
	( 0.473189	1638263884.230716 )
	( 0.474818	1638410157.360290 )
	( 0.476448	1638560542.939796 )
	( 0.478078	1638716602.439387 )
	( 0.479710	1638879558.698575 )
	( 0.481341	1639050168.665840 )
	( 0.482973	1639228793.739893 )
	( 0.484606	1639415460.505215 )
	( 0.486238	1639609703.304060 )
	( 0.487872	1639810603.145441 )
	( 0.489506	1640016817.073781 )
	( 0.491141	1640226390.804871 )
	( 0.492777	1640436974.877827 )
	( 0.494415	1640646651.837500 )
	( 0.496054	1640854756.268794 )
	( 0.497696	1641062070.377637 )
	( 0.499338	1641270396.263358 )
	( 0.500981	1641481917.409389 )
	( 0.502625	1641698759.761652 )
	( 0.504269	1641922956.087238 )
	( 0.505913	1642156402.066210 )
	( 0.507557	1642400596.957746 )
	( 0.509201	1642656781.654936 )
	( 0.510844	1642926473.622041 )
	( 0.512487	1643211579.788254 )
	( 0.514128	1643514085.975374 )
	( 0.515768	1643835934.886072 )
	( 0.517406	1644178888.395893 )
	( 0.519042	1644544168.327082 )
	( 0.520676	1644932281.910130 )
	( 0.522308	1645342828.731094 )
	( 0.523939	1645774084.810875 )
	( 0.525568	1646222972.619640 )
	( 0.527196	1646685620.829318 )
	( 0.528825	1647158109.257370 )
	( 0.530454	1647637198.074082 )
	( 0.532083	1648120841.516669 )
	( 0.533713	1648608084.176336 )
	( 0.535344	1649098543.424851 )
	( 0.536975	1649592085.339687 )
	( 0.538608	1650088493.549376 )
	( 0.540241	1650586928.673977 )
	( 0.541876	1651085782.310503 )
	( 0.543511	1651583127.266036 )
	( 0.545149	1652077361.809207 )
	( 0.546788	1652567847.442686 )
	( 0.548429	1653055340.637875 )
	( 0.550071	1653541818.212084 )
	( 0.551714	1654029896.623541 )
	( 0.553358	1654522445.984226 )
	( 0.555001	1655022197.983095 )
	( 0.556644	1655531145.162193 )
	( 0.558287	1656050328.925997 )
	( 0.559930	1656580214.675943 )
	( 0.561571	1657121253.422999 )
	( 0.563212	1657674429.530505 )
	( 0.564852	1658241595.388776 )
	( 0.566490	1658825194.920940 )
	( 0.568127	1659427573.961229 )
	( 0.569761	1660050473.274085 )
	( 0.571394	1660694505.202797 )
	( 0.573024	1661358413.716340 )
	( 0.574652	1662038909.643484 )
	( 0.576280	1662731675.447043 )
	( 0.577908	1663432946.358292 )
	( 0.579535	1664140680.138052 )
	( 0.581163	1664854922.408512 )
	( 0.582790	1665577370.056542 )
	( 0.584416	1666310528.501950 )
	( 0.586041	1667057055.016039 )
	( 0.587665	1667819090.390063 )
	( 0.589287	1668597379.567104 )
	( 0.590908	1669390770.198853 )
	( 0.592527	1670196481.785766 )
	( 0.594146	1671011144.665926 )
	( 0.595765	1671832216.598873 )
	( 0.597384	1672658796.853150 )
	( 0.599003	1673491251.024936 )
	( 0.600621	1674330236.698587 )
	( 0.602240	1675176110.842204 )
	( 0.603858	1676028914.517673 )
	( 0.605476	1676888542.295397 )
	( 0.607093	1677754900.155587 )
	( 0.608710	1678628051.892270 )
	( 0.610327	1679508354.032574 )
	( 0.611943	1680396579.190710 )
	( 0.613558	1681294027.600200 )
	( 0.615173	1682202626.315933 )
	( 0.616785	1683125015.257432 )
	( 0.618396	1684064424.558920 )
	( 0.620004	1685023953.106468 )
	( 0.621609	1686005441.165804 )
	( 0.623211	1687008907.056854 )
	( 0.624810	1688033128.874136 )
	( 0.626407	1689076787.748024 )
	( 0.628001	1690139202.440127 )
	( 0.629592	1691220462.098283 )
	( 0.631181	1692321345.858882 )
	( 0.632767	1693443223.364906 )
	( 0.634349	1694587742.559752 )
	( 0.635929	1695755917.740769 )
	( 0.637505	1696946810.672935 )
	( 0.639078	1698156770.392794 )
	( 0.640649	1699380004.038260 )
	( 0.642220	1700610286.678509 )
	( 0.643791	1701842654.924166 )
	( 0.645363	1703074122.890068 )
	( 0.646936	1704303616.639731 )
	( 0.648509	1705531708.208232 )
	( 0.650083	1706760150.737208 )
	( 0.651656	1707990830.047948 )
	( 0.653230	1709224516.590465 )
	( 0.654803	1710460570.390693 )
	( 0.656377	1711697598.273566 )
	( 0.657951	1712934102.109351 )
	( 0.659526	1714169118.293188 )
	( 0.661102	1715403041.353860 )
	( 0.662677	1716638056.168169 )
	( 0.664253	1717877986.679744 )
	( 0.665826	1719127752.686815 )
	( 0.667398	1720392241.924698 )
	( 0.668966	1721674786.495709 )
	( 0.670532	1722976197.933632 )
	( 0.672094	1724295123.457214 )
	( 0.673655	1725629530.519242 )
	( 0.675213	1726978172.609375 )
	( 0.676768	1728341081.407817 )
	( 0.678322	1729719277.400317 )
	( 0.679872	1731114272.850792 )
	( 0.681419	1732527557.934513 )
	( 0.682963	1733960069.261212 )
	( 0.684504	1735411640.036388 )
	( 0.686042	1736880621.828626 )
	( 0.687578	1738364249.286616 )
	( 0.689111	1739859938.859925 )
	( 0.690643	1741366570.269615 )
	( 0.692173	1742884799.585039 )
	( 0.693700	1744416595.321996 )
	( 0.695224	1745964569.110057 )
	( 0.696745	1747531290.530060 )
	( 0.698263	1749118584.729112 )
	( 0.699776	1750726811.451366 )
	( 0.701286	1752354314.286551 )
	( 0.702794	1753997609.191137 )
	( 0.704299	1755652502.722340 )
	( 0.705802	1757315192.591902 )
	( 0.707305	1758982593.511719 )
	( 0.708808	1760652460.018494 )
	( 0.710310	1762323687.875397 )
	( 0.711812	1763996226.209352 )
	( 0.713313	1765670411.607519 )
	( 0.714814	1767346293.535700 )
	( 0.716315	1769023519.530009 )
	( 0.717815	1770701590.455371 )
	( 0.719316	1772379917.517907 )
	( 0.720816	1774057870.585119 )
	( 0.722316	1775735196.906939 )
	( 0.723816	1777412621.124392 )
	( 0.725316	1779092247.896877 )
	( 0.726814	1780777388.155927 )
	( 0.728311	1782471808.083281 )
	( 0.729804	1784178777.881580 )
	( 0.731295	1785900296.511582 )
	( 0.732783	1787637057.076040 )
	( 0.734267	1789389340.229640 )
	( 0.735749	1791157890.155318 )
	( 0.737226	1792944016.944271 )
	( 0.738700	1794749491.687652 )
	( 0.740169	1796576611.478622 )
	( 0.741633	1798427866.747597 )
	( 0.743092	1800305021.027069 )
	( 0.744546	1802208168.369891 )
	( 0.745995	1804135522.024328 )
	( 0.747439	1806084311.358466 )
	( 0.748879	1808052222.068439 )
	( 0.750315	1810038248.973957 )
	( 0.751748	1812042585.001070 )
	( 0.753176	1814066301.760156 )
	( 0.754599	1816111199.243865 )
	( 0.756018	1818179258.201798 )
	( 0.757432	1820271505.872182 )
	( 0.758840	1822386860.034463 )
	( 0.760244	1824521704.652076 )
	( 0.761645	1826670574.459636 )
	( 0.763044	1828827573.978817 )
	( 0.764442	1830987780.336990 )
	( 0.765840	1833148067.210775 )
	( 0.767237	1835307352.309759 )
	( 0.768633	1837466458.736143 )
	( 0.770029	1839627402.400106 )
	( 0.771423	1841792105.540771 )
	( 0.772816	1843961101.393389 )
	( 0.774208	1846132982.834181 )
	( 0.775599	1848304971.438799 )
	( 0.776990	1850474231.083782 )
	( 0.778381	1852639173.779532 )
	( 0.779772	1854800193.157386 )
	( 0.781163	1856959826.006867 )
	( 0.782553	1859122530.081720 )
	( 0.783940	1861293888.141504 )
	( 0.785324	1863479236.073174 )
	( 0.786704	1865682278.021712 )
	( 0.788079	1867904439.362116 )
	( 0.789449	1870145332.065996 )
	( 0.790815	1872403954.850789 )
	( 0.792178	1874679874.299016 )
	( 0.793535	1876973821.230791 )
	( 0.794888	1879287702.059053 )
	( 0.796236	1881624213.202363 )
	( 0.797578	1883986057.493086 )
	( 0.798913	1886375138.491681 )
	( 0.800242	1888792108.620569 )
	( 0.801564	1891236270.098120 )
	( 0.802881	1893706017.100856 )
	( 0.804192	1896199819.800016 )
	( 0.805497	1898717184.949489 )
	( 0.806796	1901259026.958879 )
	( 0.808088	1903827449.287032 )
	( 0.809374	1906425124.436016 )
	( 0.810652	1909054271.434335 )
	( 0.811923	1911715607.302281 )
	( 0.813186	1914407649.278754 )
	( 0.814443	1917126556.742306 )
	( 0.815694	1919867081.243909 )
	( 0.816941	1922624438.272659 )
	( 0.818183	1925395780.063268 )
	( 0.819422	1928180514.636430 )
	( 0.820656	1930979850.315167 )
	( 0.821885	1933795944.503265 )
	( 0.823110	1936630656.234964 )
	( 0.824329	1939484280.328416 )
	( 0.825543	1942354830.673136 )
	( 0.826754	1945238251.835090 )
	( 0.827961	1948129560.497494 )
	( 0.829167	1951024161.428032 )
	( 0.830371	1953918772.451138 )
	( 0.831574	1956811960.261795 )
	( 0.832777	1959704098.021538 )
	( 0.833978	1962596745.275879 )
	( 0.835178	1965491829.982338 )
	( 0.836376	1968390821.915202 )
	( 0.837572	1971294086.733161 )
	( 0.838767	1974200990.657142 )
	( 0.839961	1977110945.958048 )
	( 0.841154	1980024637.045847 )
	( 0.842346	1982944666.163824 )
	( 0.843536	1985875426.686384 )
	( 0.844723	1988822392.207602 )
	( 0.845906	1991791199.950699 )
	( 0.847085	1994786715.982837 )
	( 0.848259	1997812079.061959 )
	( 0.849429	2000868102.038460 )
	( 0.850596	2003953792.534688 )
	( 0.851759	2007067802.024115 )
	( 0.852919	2010209658.986206 )
	( 0.854077	2013380404.856704 )
	( 0.855232	2016582822.856919 )
	( 0.856383	2019821066.668846 )
	( 0.857530	2023099687.008154 )
	( 0.858672	2026422436.500569 )
	( 0.859808	2029791041.821713 )
	( 0.860939	2033204132.804213 )
	( 0.862064	2036657094.652176 )
	( 0.863184	2040143420.090724 )
	( 0.864301	2043656606.307241 )
	( 0.865412	2047191257.881031 )
	( 0.866519	2050743206.213654 )
	( 0.867618	2054308838.848071 )
	( 0.868708	2057884025.395158 )
	( 0.869788	2061463219.592726 )
	( 0.870855	2065038547.740578 )
	( 0.871907	2068598887.669582 )
	( 0.872942	2072129906.767523 )
	( 0.873957	2075615066.227190 )
	( 0.874952	2079036637.649429 )
	( 0.875921	2082376743.234694 )
	( 0.876863	2085618428.732059 )
	( 0.877770	2088745811.854969 )
	( 0.878640	2091743316.174936 )
	( 0.879465	2094594967.361876 )
	( 0.880242	2097283761.074525 )
	( 0.880964	2099791112.973854 )
	( 0.881628	2102097370.708771 )
	( 0.882229	2104183399.474633 )
	( 0.882764	2106032284.528502 )
	( 0.883231	2107631163.277600 )
	( 0.883626	2108973195.367390 )
	( 0.883950	2110058704.288942 )
)
