/*--------------------------------*- C++ -*----------------------------------*\
| =========                 |                                                 |
| \\      /  F ield         | foam-extend: Open Source CFD                    |
|  \\    /   O peration     | Version:     3.2                                |
|   \\  /    A nd           | Web:         http://www.foam-extend.org         |
|    \\/     M anipulation  | For copyright notice see file Copyright         |
\*---------------------------------------------------------------------------*/
FoamFile
{
    version     2.0;
    format      ascii;
    class       labelList;
    note        "nPoints: 11134 nCells: 5336 nFaces: 21575 nInternalFaces: 10441";
    location    "constant/polyMesh";
    object      neighbour;
}
// * * * * * * * * * * * * * * * * * * * * * * * * * * * * * * * * * * * * * //


10441
(
1
12
2
13
3
14
4
15
5
16
6
17
7
18
8
19
9
20
10
21
11
22
23
144
13
24
14
25
15
26
16
27
17
28
18
29
19
30
20
31
21
32
22
33
23
34
35
159
25
36
26
37
27
38
28
39
29
40
30
41
31
42
32
43
33
44
34
45
35
46
47
174
37
48
38
49
39
50
40
51
41
52
42
53
43
54
44
55
45
56
46
57
47
58
59
189
49
60
50
61
51
62
52
63
53
64
54
65
55
66
56
67
57
68
58
69
59
70
71
204
61
72
62
73
63
74
64
75
65
76
66
77
67
78
68
79
69
80
70
81
71
82
83
219
73
84
74
85
75
86
76
87
77
88
78
89
79
90
80
91
81
92
82
93
83
94
95
234
85
96
86
97
87
98
88
99
89
100
90
101
91
102
92
103
93
104
94
105
95
106
107
249
97
108
98
109
99
110
100
111
101
112
102
113
103
114
104
115
105
116
106
117
107
118
119
264
109
120
110
121
111
122
112
123
113
124
114
125
115
126
116
127
117
128
118
129
119
130
131
279
121
132
122
133
123
134
124
135
125
136
126
137
127
138
128
139
129
140
130
141
131
142
143
294
133
1404
134
1405
135
1406
136
1407
137
1408
138
1409
139
1410
140
1411
141
1412
142
1413
143
1414
309
1415
145
159
146
160
147
161
148
162
149
163
150
164
151
165
152
166
153
167
154
168
155
169
156
170
157
171
158
172
173
324
160
174
161
175
162
176
163
177
164
178
165
179
166
180
167
181
168
182
169
183
170
184
171
185
172
186
173
187
188
354
175
189
176
190
177
191
178
192
179
193
180
194
181
195
182
196
183
197
184
198
185
199
186
200
187
201
188
202
203
384
190
204
191
205
192
206
193
207
194
208
195
209
196
210
197
211
198
212
199
213
200
214
201
215
202
216
203
217
218
414
205
219
206
220
207
221
208
222
209
223
210
224
211
225
212
226
213
227
214
228
215
229
216
230
217
231
218
232
233
444
220
234
221
235
222
236
223
237
224
238
225
239
226
240
227
241
228
242
229
243
230
244
231
245
232
246
233
247
248
474
235
249
236
250
237
251
238
252
239
253
240
254
241
255
242
256
243
257
244
258
245
259
246
260
247
261
248
262
263
504
250
264
251
265
252
266
253
267
254
268
255
269
256
270
257
271
258
272
259
273
260
274
261
275
262
276
263
277
278
534
265
279
266
280
267
281
268
282
269
283
270
284
271
285
272
286
273
287
274
288
275
289
276
290
277
291
278
292
293
564
280
294
281
295
282
296
283
297
284
298
285
299
286
300
287
301
288
302
289
303
290
304
291
305
292
306
293
307
308
594
295
309
296
310
297
311
298
312
299
313
300
314
301
315
302
316
303
317
304
318
305
319
306
320
307
321
308
322
323
624
310
1749
311
1750
312
1751
313
1752
314
1753
315
1754
316
1755
317
1756
318
1757
319
1758
320
1759
321
1760
322
1761
323
1762
654
1763
325
354
326
355
327
356
328
357
329
358
330
359
331
360
332
361
333
362
334
363
335
364
336
365
337
366
338
367
339
368
340
369
341
370
342
371
343
372
344
373
345
374
346
375
347
376
348
377
349
378
350
379
351
380
352
381
353
382
383
684
355
384
356
385
357
386
358
387
359
388
360
389
361
390
362
391
363
392
364
393
365
394
366
395
367
396
368
397
369
398
370
399
371
400
372
401
373
402
374
403
375
404
376
405
377
406
378
407
379
408
380
409
381
410
382
411
383
412
413
719
385
414
386
415
387
416
388
417
389
418
390
419
391
420
392
421
393
422
394
423
395
424
396
425
397
426
398
427
399
428
400
429
401
430
402
431
403
432
404
433
405
434
406
435
407
436
408
437
409
438
410
439
411
440
412
441
413
442
443
754
415
444
416
445
417
446
418
447
419
448
420
449
421
450
422
451
423
452
424
453
425
454
426
455
427
456
428
457
429
458
430
459
431
460
432
461
433
462
434
463
435
464
436
465
437
466
438
467
439
468
440
469
441
470
442
471
443
472
473
789
445
474
446
475
447
476
448
477
449
478
450
479
451
480
452
481
453
482
454
483
455
484
456
485
457
486
458
487
459
488
460
489
461
490
462
491
463
492
464
493
465
494
466
495
467
496
468
497
469
498
470
499
471
500
472
501
473
502
503
824
475
504
476
505
477
506
478
507
479
508
480
509
481
510
482
511
483
512
484
513
485
514
486
515
487
516
488
517
489
518
490
519
491
520
492
521
493
522
494
523
495
524
496
525
497
526
498
527
499
528
500
529
501
530
502
531
503
532
533
859
505
534
506
535
507
536
508
537
509
538
510
539
511
540
512
541
513
542
514
543
515
544
516
545
517
546
518
547
519
548
520
549
521
550
522
551
523
552
524
553
525
554
526
555
527
556
528
557
529
558
530
559
531
560
532
561
533
562
563
894
535
564
536
565
537
566
538
567
539
568
540
569
541
570
542
571
543
572
544
573
545
574
546
575
547
576
548
577
549
578
550
579
551
580
552
581
553
582
554
583
555
584
556
585
557
586
558
587
559
588
560
589
561
590
562
591
563
592
593
929
565
594
566
595
567
596
568
597
569
598
570
599
571
600
572
601
573
602
574
603
575
604
576
605
577
606
578
607
579
608
580
609
581
610
582
611
583
612
584
613
585
614
586
615
587
616
588
617
589
618
590
619
591
620
592
621
593
622
623
964
595
624
596
625
597
626
598
627
599
628
600
629
601
630
602
631
603
632
604
633
605
634
606
635
607
636
608
637
609
638
610
639
611
640
612
641
613
642
614
643
615
644
616
645
617
646
618
647
619
648
620
649
621
650
622
651
623
652
653
999
625
654
626
655
627
656
628
657
629
658
630
659
631
660
632
661
633
662
634
663
635
664
636
665
637
666
638
667
639
668
640
669
641
670
642
671
643
672
644
673
645
674
646
675
647
676
648
677
649
678
650
679
651
680
652
681
653
682
683
1034
655
2002
656
2003
657
2004
658
2005
659
2006
660
2007
661
2008
662
2009
663
2010
664
2011
665
2012
666
2013
667
2014
668
2015
669
2016
670
2017
671
2018
672
2019
673
2020
674
2021
675
2022
676
2023
677
2024
678
2025
679
2026
680
2027
681
2028
682
2029
683
2030
1069
2031
685
719
686
720
687
721
688
722
689
723
690
724
691
725
692
726
693
727
694
728
695
729
696
730
697
731
698
732
699
733
700
734
701
735
702
736
703
737
704
738
705
739
706
740
707
741
708
742
709
743
710
744
711
745
712
746
713
747
714
748
715
749
716
750
717
751
718
752
753
1104
720
754
721
755
722
756
723
757
724
758
725
759
726
760
727
761
728
762
729
763
730
764
731
765
732
766
733
767
734
768
735
769
736
770
737
771
738
772
739
773
740
774
741
775
742
776
743
777
744
778
745
779
746
780
747
781
748
782
749
783
750
784
751
785
752
786
753
787
788
1129
755
789
756
790
757
791
758
792
759
793
760
794
761
795
762
796
763
797
764
798
765
799
766
800
767
801
768
802
769
803
770
804
771
805
772
806
773
807
774
808
775
809
776
810
777
811
778
812
779
813
780
814
781
815
782
816
783
817
784
818
785
819
786
820
787
821
788
822
823
1154
790
824
791
825
792
826
793
827
794
828
795
829
796
830
797
831
798
832
799
833
800
834
801
835
802
836
803
837
804
838
805
839
806
840
807
841
808
842
809
843
810
844
811
845
812
846
813
847
814
848
815
849
816
850
817
851
818
852
819
853
820
854
821
855
822
856
823
857
858
1179
825
859
826
860
827
861
828
862
829
863
830
864
831
865
832
866
833
867
834
868
835
869
836
870
837
871
838
872
839
873
840
874
841
875
842
876
843
877
844
878
845
879
846
880
847
881
848
882
849
883
850
884
851
885
852
886
853
887
854
888
855
889
856
890
857
891
858
892
893
1204
860
894
861
895
862
896
863
897
864
898
865
899
866
900
867
901
868
902
869
903
870
904
871
905
872
906
873
907
874
908
875
909
876
910
877
911
878
912
879
913
880
914
881
915
882
916
883
917
884
918
885
919
886
920
887
921
888
922
889
923
890
924
891
925
892
926
893
927
928
1229
895
929
896
930
897
931
898
932
899
933
900
934
901
935
902
936
903
937
904
938
905
939
906
940
907
941
908
942
909
943
910
944
911
945
912
946
913
947
914
948
915
949
916
950
917
951
918
952
919
953
920
954
921
955
922
956
923
957
924
958
925
959
926
960
927
961
928
962
963
1254
930
964
931
965
932
966
933
967
934
968
935
969
936
970
937
971
938
972
939
973
940
974
941
975
942
976
943
977
944
978
945
979
946
980
947
981
948
982
949
983
950
984
951
985
952
986
953
987
954
988
955
989
956
990
957
991
958
992
959
993
960
994
961
995
962
996
963
997
998
1279
965
999
966
1000
967
1001
968
1002
969
1003
970
1004
971
1005
972
1006
973
1007
974
1008
975
1009
976
1010
977
1011
978
1012
979
1013
980
1014
981
1015
982
1016
983
1017
984
1018
985
1019
986
1020
987
1021
988
1022
989
1023
990
1024
991
1025
992
1026
993
1027
994
1028
995
1029
996
1030
997
1031
998
1032
1033
1304
1000
1034
1001
1035
1002
1036
1003
1037
1004
1038
1005
1039
1006
1040
1007
1041
1008
1042
1009
1043
1010
1044
1011
1045
1012
1046
1013
1047
1014
1048
1015
1049
1016
1050
1017
1051
1018
1052
1019
1053
1020
1054
1021
1055
1022
1056
1023
1057
1024
1058
1025
1059
1026
1060
1027
1061
1028
1062
1029
1063
1030
1064
1031
1065
1032
1066
1033
1067
1068
1329
1035
1069
1036
1070
1037
1071
1038
1072
1039
1073
1040
1074
1041
1075
1042
1076
1043
1077
1044
1078
1045
1079
1046
1080
1047
1081
1048
1082
1049
1083
1050
1084
1051
1085
1052
1086
1053
1087
1054
1088
1055
1089
1056
1090
1057
1091
1058
1092
1059
1093
1060
1094
1061
1095
1062
1096
1063
1097
1064
1098
1065
1099
1066
1100
1067
1101
1068
1102
1103
1354
1070
2242
1071
2243
1072
2244
1073
2245
1074
2246
1075
2247
1076
2248
1077
2249
1078
2250
1079
2251
1080
2252
1081
2253
1082
2254
1083
2255
1084
2256
1085
2257
1086
2258
1087
2259
1088
2260
1089
2261
1090
2262
1091
2263
1092
2264
1093
2265
1094
2266
1095
2267
1096
2268
1097
2269
1098
2270
1099
2271
1100
2272
1101
2273
1102
2274
1103
2275
1379
2276
1105
1129
1106
1130
1107
1131
1108
1132
1109
1133
1110
1134
1111
1135
1112
1136
1113
1137
1114
1138
1115
1139
1116
1140
1117
1141
1118
1142
1119
1143
1120
1144
1121
1145
1122
1146
1123
1147
1124
1148
1125
1149
1126
1150
1127
1151
1128
1152
1153
1130
1154
1131
1155
1132
1156
1133
1157
1134
1158
1135
1159
1136
1160
1137
1161
1138
1162
1139
1163
1140
1164
1141
1165
1142
1166
1143
1167
1144
1168
1145
1169
1146
1170
1147
1171
1148
1172
1149
1173
1150
1174
1151
1175
1152
1176
1153
1177
1178
1155
1179
1156
1180
1157
1181
1158
1182
1159
1183
1160
1184
1161
1185
1162
1186
1163
1187
1164
1188
1165
1189
1166
1190
1167
1191
1168
1192
1169
1193
1170
1194
1171
1195
1172
1196
1173
1197
1174
1198
1175
1199
1176
1200
1177
1201
1178
1202
1203
1180
1204
1181
1205
1182
1206
1183
1207
1184
1208
1185
1209
1186
1210
1187
1211
1188
1212
1189
1213
1190
1214
1191
1215
1192
1216
1193
1217
1194
1218
1195
1219
1196
1220
1197
1221
1198
1222
1199
1223
1200
1224
1201
1225
1202
1226
1203
1227
1228
1205
1229
1206
1230
1207
1231
1208
1232
1209
1233
1210
1234
1211
1235
1212
1236
1213
1237
1214
1238
1215
1239
1216
1240
1217
1241
1218
1242
1219
1243
1220
1244
1221
1245
1222
1246
1223
1247
1224
1248
1225
1249
1226
1250
1227
1251
1228
1252
1253
1230
1254
1231
1255
1232
1256
1233
1257
1234
1258
1235
1259
1236
1260
1237
1261
1238
1262
1239
1263
1240
1264
1241
1265
1242
1266
1243
1267
1244
1268
1245
1269
1246
1270
1247
1271
1248
1272
1249
1273
1250
1274
1251
1275
1252
1276
1253
1277
1278
1255
1279
1256
1280
1257
1281
1258
1282
1259
1283
1260
1284
1261
1285
1262
1286
1263
1287
1264
1288
1265
1289
1266
1290
1267
1291
1268
1292
1269
1293
1270
1294
1271
1295
1272
1296
1273
1297
1274
1298
1275
1299
1276
1300
1277
1301
1278
1302
1303
1280
1304
1281
1305
1282
1306
1283
1307
1284
1308
1285
1309
1286
1310
1287
1311
1288
1312
1289
1313
1290
1314
1291
1315
1292
1316
1293
1317
1294
1318
1295
1319
1296
1320
1297
1321
1298
1322
1299
1323
1300
1324
1301
1325
1302
1326
1303
1327
1328
1305
1329
1306
1330
1307
1331
1308
1332
1309
1333
1310
1334
1311
1335
1312
1336
1313
1337
1314
1338
1315
1339
1316
1340
1317
1341
1318
1342
1319
1343
1320
1344
1321
1345
1322
1346
1323
1347
1324
1348
1325
1349
1326
1350
1327
1351
1328
1352
1353
1330
1354
1331
1355
1332
1356
1333
1357
1334
1358
1335
1359
1336
1360
1337
1361
1338
1362
1339
1363
1340
1364
1341
1365
1342
1366
1343
1367
1344
1368
1345
1369
1346
1370
1347
1371
1348
1372
1349
1373
1350
1374
1351
1375
1352
1376
1353
1377
1378
1355
1379
1356
1380
1357
1381
1358
1382
1359
1383
1360
1384
1361
1385
1362
1386
1363
1387
1364
1388
1365
1389
1366
1390
1367
1391
1368
1392
1369
1393
1370
1394
1371
1395
1372
1396
1373
1397
1374
1398
1375
1399
1376
1400
1377
1401
1378
1402
1403
1380
2522
1381
2523
1382
2524
1383
2525
1384
2526
1385
2527
1386
2528
1387
2529
1388
2530
1389
2531
1390
2532
1391
2533
1392
2534
1393
2535
1394
2536
1395
2537
1396
2538
1397
2539
1398
2540
1399
2541
1400
2542
1401
2543
1402
2544
1403
2545
2546
1405
1416
1406
1417
1407
1418
1408
1419
1409
1420
1410
1421
1411
1422
1412
1423
1413
1424
1414
1425
1415
1426
1427
1584
1417
1428
1418
1429
1419
1430
1420
1431
1421
1432
1422
1433
1423
1434
1424
1435
1425
1436
1426
1437
1427
1438
1439
1595
1429
1440
1430
1441
1431
1442
1432
1443
1433
1444
1434
1445
1435
1446
1436
1447
1437
1448
1438
1449
1439
1450
1451
1606
1441
1452
1442
1453
1443
1454
1444
1455
1445
1456
1446
1457
1447
1458
1448
1459
1449
1460
1450
1461
1451
1462
1463
1617
1453
1464
1454
1465
1455
1466
1456
1467
1457
1468
1458
1469
1459
1470
1460
1471
1461
1472
1462
1473
1463
1474
1475
1628
1465
1476
1466
1477
1467
1478
1468
1479
1469
1480
1470
1481
1471
1482
1472
1483
1473
1484
1474
1485
1475
1486
1487
1639
1477
1488
1478
1489
1479
1490
1480
1491
1481
1492
1482
1493
1483
1494
1484
1495
1485
1496
1486
1497
1487
1498
1499
1650
1489
1500
1490
1501
1491
1502
1492
1503
1493
1504
1494
1505
1495
1506
1496
1507
1497
1508
1498
1509
1499
1510
1511
1661
1501
1512
1502
1513
1503
1514
1504
1515
1505
1516
1506
1517
1507
1518
1508
1519
1509
1520
1510
1521
1511
1522
1523
1672
1513
1524
1514
1525
1515
1526
1516
1527
1517
1528
1518
1529
1519
1530
1520
1531
1521
1532
1522
1533
1523
1534
1535
1683
1525
1536
1526
1537
1527
1538
1528
1539
1529
1540
1530
1541
1531
1542
1532
1543
1533
1544
1534
1545
1535
1546
1547
1694
1537
1548
1538
1549
1539
1550
1540
1551
1541
1552
1542
1553
1543
1554
1544
1555
1545
1556
1546
1557
1547
1558
1559
1705
1549
1560
1550
1561
1551
1562
1552
1563
1553
1564
1554
1565
1555
1566
1556
1567
1557
1568
1558
1569
1559
1570
1571
1716
1561
1572
1562
1573
1563
1574
1564
1575
1565
1576
1566
1577
1567
1578
1568
1579
1569
1580
1570
1581
1571
1582
1583
1727
1573
3695
1574
3696
1575
3697
1576
3698
1577
3699
1578
3700
1579
3701
1580
3702
1581
3703
1582
3704
1583
3705
1738
3706
1585
1595
1749
1586
1596
1764
1587
1597
1779
1588
1598
1794
1589
1599
1809
1590
1600
1824
1591
1601
1839
1592
1602
1854
1593
1603
1869
1594
1604
1884
1605
1899
1596
1606
1597
1607
1598
1608
1599
1609
1600
1610
1601
1611
1602
1612
1603
1613
1604
1614
1605
1615
1616
1607
1617
1608
1618
1609
1619
1610
1620
1611
1621
1612
1622
1613
1623
1614
1624
1615
1625
1616
1626
1627
1618
1628
1619
1629
1620
1630
1621
1631
1622
1632
1623
1633
1624
1634
1625
1635
1626
1636
1627
1637
1638
1629
1639
1630
1640
1631
1641
1632
1642
1633
1643
1634
1644
1635
1645
1636
1646
1637
1647
1638
1648
1649
1640
1650
1641
1651
1642
1652
1643
1653
1644
1654
1645
1655
1646
1656
1647
1657
1648
1658
1649
1659
1660
1651
1661
1652
1662
1653
1663
1654
1664
1655
1665
1656
1666
1657
1667
1658
1668
1659
1669
1660
1670
1671
1662
1672
1663
1673
1664
1674
1665
1675
1666
1676
1667
1677
1668
1678
1669
1679
1670
1680
1671
1681
1682
1673
1683
1674
1684
1675
1685
1676
1686
1677
1687
1678
1688
1679
1689
1680
1690
1681
1691
1682
1692
1693
1684
1694
1685
1695
1686
1696
1687
1697
1688
1698
1689
1699
1690
1700
1691
1701
1692
1702
1693
1703
1704
1695
1705
1696
1706
1697
1707
1698
1708
1699
1709
1700
1710
1701
1711
1702
1712
1703
1713
1704
1714
1715
1706
1716
1707
1717
1708
1718
1709
1719
1710
1720
1711
1721
1712
1722
1713
1723
1714
1724
1715
1725
1726
1717
1727
1718
1728
1719
1729
1720
1730
1721
1731
1722
1732
1723
1733
1724
1734
1725
1735
1726
1736
1737
1728
1738
1729
1739
1730
1740
1731
1741
1732
1742
1733
1743
1734
1744
1735
1745
1736
1746
1737
1747
1748
1739
2872
1740
2857
1741
2842
1742
2827
1743
2812
1744
2797
1745
2782
1746
2767
1747
2752
1748
2737
2722
1750
1764
1751
1765
1752
1766
1753
1767
1754
1768
1755
1769
1756
1770
1757
1771
1758
1772
1759
1773
1760
1774
1761
1775
1762
1776
1763
1777
1778
1914
1765
1779
1766
1780
1767
1781
1768
1782
1769
1783
1770
1784
1771
1785
1772
1786
1773
1787
1774
1788
1775
1789
1776
1790
1777
1791
1778
1792
1793
1922
1780
1794
1781
1795
1782
1796
1783
1797
1784
1798
1785
1799
1786
1800
1787
1801
1788
1802
1789
1803
1790
1804
1791
1805
1792
1806
1793
1807
1808
1930
1795
1809
1796
1810
1797
1811
1798
1812
1799
1813
1800
1814
1801
1815
1802
1816
1803
1817
1804
1818
1805
1819
1806
1820
1807
1821
1808
1822
1823
1938
1810
1824
1811
1825
1812
1826
1813
1827
1814
1828
1815
1829
1816
1830
1817
1831
1818
1832
1819
1833
1820
1834
1821
1835
1822
1836
1823
1837
1838
1946
1825
1839
1826
1840
1827
1841
1828
1842
1829
1843
1830
1844
1831
1845
1832
1846
1833
1847
1834
1848
1835
1849
1836
1850
1837
1851
1838
1852
1853
1954
1840
1854
1841
1855
1842
1856
1843
1857
1844
1858
1845
1859
1846
1860
1847
1861
1848
1862
1849
1863
1850
1864
1851
1865
1852
1866
1853
1867
1868
1962
1855
1869
1856
1870
1857
1871
1858
1872
1859
1873
1860
1874
1861
1875
1862
1876
1863
1877
1864
1878
1865
1879
1866
1880
1867
1881
1868
1882
1883
1970
1870
1884
1871
1885
1872
1886
1873
1887
1874
1888
1875
1889
1876
1890
1877
1891
1878
1892
1879
1893
1880
1894
1881
1895
1882
1896
1883
1897
1898
1978
1885
1899
1886
1900
1887
1901
1888
1902
1889
1903
1890
1904
1891
1905
1892
1906
1893
1907
1894
1908
1895
1909
1896
1910
1897
1911
1898
1912
1913
1986
1900
1901
1902
1903
1904
1905
1906
1907
1908
1909
1910
1911
1912
1913
1994
1915
1922
2002
1916
1923
2032
1917
1924
2062
1918
1925
2092
1919
1926
2122
1920
1927
2152
1921
1928
2182
1929
2212
1923
1930
1924
1931
1925
1932
1926
1933
1927
1934
1928
1935
1929
1936
1937
1931
1938
1932
1939
1933
1940
1934
1941
1935
1942
1936
1943
1937
1944
1945
1939
1946
1940
1947
1941
1948
1942
1949
1943
1950
1944
1951
1945
1952
1953
1947
1954
1948
1955
1949
1956
1950
1957
1951
1958
1952
1959
1953
1960
1961
1955
1962
1956
1963
1957
1964
1958
1965
1959
1966
1960
1967
1961
1968
1969
1963
1970
1964
1971
1965
1972
1966
1973
1967
1974
1968
1975
1969
1976
1977
1971
1978
1972
1979
1973
1980
1974
1981
1975
1982
1976
1983
1977
1984
1985
1979
1986
1980
1987
1981
1988
1982
1989
1983
1990
1984
1991
1985
1992
1993
1987
1994
1988
1995
1989
1996
1990
1997
1991
1998
1992
1999
1993
2000
2001
1995
1996
1997
1998
1999
2000
2001
2003
2032
2004
2033
2005
2034
2006
2035
2007
2036
2008
2037
2009
2038
2010
2039
2011
2040
2012
2041
2013
2042
2014
2043
2015
2044
2016
2045
2017
2046
2018
2047
2019
2048
2020
2049
2021
2050
2022
2051
2023
2052
2024
2053
2025
2054
2026
2055
2027
2056
2028
2057
2029
2058
2030
2059
2031
2060
2061
2242
2033
2062
2034
2063
2035
2064
2036
2065
2037
2066
2038
2067
2039
2068
2040
2069
2041
2070
2042
2071
2043
2072
2044
2073
2045
2074
2046
2075
2047
2076
2048
2077
2049
2078
2050
2079
2051
2080
2052
2081
2053
2082
2054
2083
2055
2084
2056
2085
2057
2086
2058
2087
2059
2088
2060
2089
2061
2090
2091
2277
2063
2092
2064
2093
2065
2094
2066
2095
2067
2096
2068
2097
2069
2098
2070
2099
2071
2100
2072
2101
2073
2102
2074
2103
2075
2104
2076
2105
2077
2106
2078
2107
2079
2108
2080
2109
2081
2110
2082
2111
2083
2112
2084
2113
2085
2114
2086
2115
2087
2116
2088
2117
2089
2118
2090
2119
2091
2120
2121
2312
2093
2122
2094
2123
2095
2124
2096
2125
2097
2126
2098
2127
2099
2128
2100
2129
2101
2130
2102
2131
2103
2132
2104
2133
2105
2134
2106
2135
2107
2136
2108
2137
2109
2138
2110
2139
2111
2140
2112
2141
2113
2142
2114
2143
2115
2144
2116
2145
2117
2146
2118
2147
2119
2148
2120
2149
2121
2150
2151
2347
2123
2152
2124
2153
2125
2154
2126
2155
2127
2156
2128
2157
2129
2158
2130
2159
2131
2160
2132
2161
2133
2162
2134
2163
2135
2164
2136
2165
2137
2166
2138
2167
2139
2168
2140
2169
2141
2170
2142
2171
2143
2172
2144
2173
2145
2174
2146
2175
2147
2176
2148
2177
2149
2178
2150
2179
2151
2180
2181
2382
2153
2182
2154
2183
2155
2184
2156
2185
2157
2186
2158
2187
2159
2188
2160
2189
2161
2190
2162
2191
2163
2192
2164
2193
2165
2194
2166
2195
2167
2196
2168
2197
2169
2198
2170
2199
2171
2200
2172
2201
2173
2202
2174
2203
2175
2204
2176
2205
2177
2206
2178
2207
2179
2208
2180
2209
2181
2210
2211
2417
2183
2212
2184
2213
2185
2214
2186
2215
2187
2216
2188
2217
2189
2218
2190
2219
2191
2220
2192
2221
2193
2222
2194
2223
2195
2224
2196
2225
2197
2226
2198
2227
2199
2228
2200
2229
2201
2230
2202
2231
2203
2232
2204
2233
2205
2234
2206
2235
2207
2236
2208
2237
2209
2238
2210
2239
2211
2240
2241
2452
2213
2214
2215
2216
2217
2218
2219
2220
2221
2222
2223
2224
2225
2226
2227
2228
2229
2230
2231
2232
2233
2234
2235
2236
2237
2238
2239
2240
2241
2487
2243
2277
2244
2278
2245
2279
2246
2280
2247
2281
2248
2282
2249
2283
2250
2284
2251
2285
2252
2286
2253
2287
2254
2288
2255
2289
2256
2290
2257
2291
2258
2292
2259
2293
2260
2294
2261
2295
2262
2296
2263
2297
2264
2298
2265
2299
2266
2300
2267
2301
2268
2302
2269
2303
2270
2304
2271
2305
2272
2306
2273
2307
2274
2308
2275
2309
2276
2310
2311
2522
2278
2312
2279
2313
2280
2314
2281
2315
2282
2316
2283
2317
2284
2318
2285
2319
2286
2320
2287
2321
2288
2322
2289
2323
2290
2324
2291
2325
2292
2326
2293
2327
2294
2328
2295
2329
2296
2330
2297
2331
2298
2332
2299
2333
2300
2334
2301
2335
2302
2336
2303
2337
2304
2338
2305
2339
2306
2340
2307
2341
2308
2342
2309
2343
2310
2344
2311
2345
2346
2547
2313
2347
2314
2348
2315
2349
2316
2350
2317
2351
2318
2352
2319
2353
2320
2354
2321
2355
2322
2356
2323
2357
2324
2358
2325
2359
2326
2360
2327
2361
2328
2362
2329
2363
2330
2364
2331
2365
2332
2366
2333
2367
2334
2368
2335
2369
2336
2370
2337
2371
2338
2372
2339
2373
2340
2374
2341
2375
2342
2376
2343
2377
2344
2378
2345
2379
2346
2380
2381
2572
2348
2382
2349
2383
2350
2384
2351
2385
2352
2386
2353
2387
2354
2388
2355
2389
2356
2390
2357
2391
2358
2392
2359
2393
2360
2394
2361
2395
2362
2396
2363
2397
2364
2398
2365
2399
2366
2400
2367
2401
2368
2402
2369
2403
2370
2404
2371
2405
2372
2406
2373
2407
2374
2408
2375
2409
2376
2410
2377
2411
2378
2412
2379
2413
2380
2414
2381
2415
2416
2597
2383
2417
2384
2418
2385
2419
2386
2420
2387
2421
2388
2422
2389
2423
2390
2424
2391
2425
2392
2426
2393
2427
2394
2428
2395
2429
2396
2430
2397
2431
2398
2432
2399
2433
2400
2434
2401
2435
2402
2436
2403
2437
2404
2438
2405
2439
2406
2440
2407
2441
2408
2442
2409
2443
2410
2444
2411
2445
2412
2446
2413
2447
2414
2448
2415
2449
2416
2450
2451
2622
2418
2452
2419
2453
2420
2454
2421
2455
2422
2456
2423
2457
2424
2458
2425
2459
2426
2460
2427
2461
2428
2462
2429
2463
2430
2464
2431
2465
2432
2466
2433
2467
2434
2468
2435
2469
2436
2470
2437
2471
2438
2472
2439
2473
2440
2474
2441
2475
2442
2476
2443
2477
2444
2478
2445
2479
2446
2480
2447
2481
2448
2482
2449
2483
2450
2484
2451
2485
2486
2647
2453
2487
2454
2488
2455
2489
2456
2490
2457
2491
2458
2492
2459
2493
2460
2494
2461
2495
2462
2496
2463
2497
2464
2498
2465
2499
2466
2500
2467
2501
2468
2502
2469
2503
2470
2504
2471
2505
2472
2506
2473
2507
2474
2508
2475
2509
2476
2510
2477
2511
2478
2512
2479
2513
2480
2514
2481
2515
2482
2516
2483
2517
2484
2518
2485
2519
2486
2520
2521
2672
2488
5216
2489
5217
2490
5218
2491
5219
2492
5220
2493
5221
2494
5222
2495
5223
2496
5224
2497
5225
2498
5226
2499
5227
2500
5228
2501
5229
2502
5230
2503
5231
2504
5232
2505
5233
2506
5234
2507
5235
2508
5236
2509
5237
2510
5238
2511
5239
2512
5240
2513
5241
2514
5242
2515
5243
2516
5244
2517
5245
2518
5246
2519
5247
2520
5248
2521
5249
2697
5250
2523
2547
2524
2548
2525
2549
2526
2550
2527
2551
2528
2552
2529
2553
2530
2554
2531
2555
2532
2556
2533
2557
2534
2558
2535
2559
2536
2560
2537
2561
2538
2562
2539
2563
2540
2564
2541
2565
2542
2566
2543
2567
2544
2568
2545
2569
2546
2570
2571
2548
2572
2549
2573
2550
2574
2551
2575
2552
2576
2553
2577
2554
2578
2555
2579
2556
2580
2557
2581
2558
2582
2559
2583
2560
2584
2561
2585
2562
2586
2563
2587
2564
2588
2565
2589
2566
2590
2567
2591
2568
2592
2569
2593
2570
2594
2571
2595
2596
2573
2597
2574
2598
2575
2599
2576
2600
2577
2601
2578
2602
2579
2603
2580
2604
2581
2605
2582
2606
2583
2607
2584
2608
2585
2609
2586
2610
2587
2611
2588
2612
2589
2613
2590
2614
2591
2615
2592
2616
2593
2617
2594
2618
2595
2619
2596
2620
2621
2598
2622
2599
2623
2600
2624
2601
2625
2602
2626
2603
2627
2604
2628
2605
2629
2606
2630
2607
2631
2608
2632
2609
2633
2610
2634
2611
2635
2612
2636
2613
2637
2614
2638
2615
2639
2616
2640
2617
2641
2618
2642
2619
2643
2620
2644
2621
2645
2646
2623
2647
2624
2648
2625
2649
2626
2650
2627
2651
2628
2652
2629
2653
2630
2654
2631
2655
2632
2656
2633
2657
2634
2658
2635
2659
2636
2660
2637
2661
2638
2662
2639
2663
2640
2664
2641
2665
2642
2666
2643
2667
2644
2668
2645
2669
2646
2670
2671
2648
2672
2649
2673
2650
2674
2651
2675
2652
2676
2653
2677
2654
2678
2655
2679
2656
2680
2657
2681
2658
2682
2659
2683
2660
2684
2661
2685
2662
2686
2663
2687
2664
2688
2665
2689
2666
2690
2667
2691
2668
2692
2669
2693
2670
2694
2671
2695
2696
2673
2697
2674
2698
2675
2699
2676
2700
2677
2701
2678
2702
2679
2703
2680
2704
2681
2705
2682
2706
2683
2707
2684
2708
2685
2709
2686
2710
2687
2711
2688
2712
2689
2713
2690
2714
2691
2715
2692
2716
2693
2717
2694
2718
2695
2719
2696
2720
2721
2698
5286
2699
5287
2700
5288
2701
5289
2702
5290
2703
5291
2704
5292
2705
5293
2706
5294
2707
5295
2708
5296
2709
5297
2710
5298
2711
5299
2712
5300
2713
5301
2714
5302
2715
5303
2716
5304
2717
5305
2718
5306
2719
5307
2720
5308
2721
5309
5310
2723
2737
2724
2738
2725
2739
2726
2740
2727
2741
2728
2742
2729
2743
2730
2744
2731
2745
2732
2746
2733
2747
2734
2748
2735
2749
2736
2750
2751
2887
2738
2752
2739
2753
2740
2754
2741
2755
2742
2756
2743
2757
2744
2758
2745
2759
2746
2760
2747
2761
2748
2762
2749
2763
2750
2764
2751
2765
2766
2895
2753
2767
2754
2768
2755
2769
2756
2770
2757
2771
2758
2772
2759
2773
2760
2774
2761
2775
2762
2776
2763
2777
2764
2778
2765
2779
2766
2780
2781
2903
2768
2782
2769
2783
2770
2784
2771
2785
2772
2786
2773
2787
2774
2788
2775
2789
2776
2790
2777
2791
2778
2792
2779
2793
2780
2794
2781
2795
2796
2911
2783
2797
2784
2798
2785
2799
2786
2800
2787
2801
2788
2802
2789
2803
2790
2804
2791
2805
2792
2806
2793
2807
2794
2808
2795
2809
2796
2810
2811
2919
2798
2812
2799
2813
2800
2814
2801
2815
2802
2816
2803
2817
2804
2818
2805
2819
2806
2820
2807
2821
2808
2822
2809
2823
2810
2824
2811
2825
2826
2927
2813
2827
2814
2828
2815
2829
2816
2830
2817
2831
2818
2832
2819
2833
2820
2834
2821
2835
2822
2836
2823
2837
2824
2838
2825
2839
2826
2840
2841
2935
2828
2842
2829
2843
2830
2844
2831
2845
2832
2846
2833
2847
2834
2848
2835
2849
2836
2850
2837
2851
2838
2852
2839
2853
2840
2854
2841
2855
2856
2943
2843
2857
2844
2858
2845
2859
2846
2860
2847
2861
2848
2862
2849
2863
2850
2864
2851
2865
2852
2866
2853
2867
2854
2868
2855
2869
2856
2870
2871
2951
2858
2872
2859
2873
2860
2874
2861
2875
2862
2876
2863
2877
2864
2878
2865
2879
2866
2880
2867
2881
2868
2882
2869
2883
2870
2884
2871
2885
2886
2959
2873
3851
2874
3852
2875
3853
2876
3854
2877
3855
2878
3856
2879
3857
2880
3858
2881
3859
2882
3860
2883
3861
2884
3862
2885
3863
2886
3864
2967
3865
2888
2895
2889
2896
2890
2897
2891
2898
2892
2899
2893
2900
2894
2901
2902
2896
2903
2897
2904
2898
2905
2899
2906
2900
2907
2901
2908
2902
2909
2910
2904
2911
2905
2912
2906
2913
2907
2914
2908
2915
2909
2916
2910
2917
2918
2912
2919
2913
2920
2914
2921
2915
2922
2916
2923
2917
2924
2918
2925
2926
2920
2927
2921
2928
2922
2929
2923
2930
2924
2931
2925
2932
2926
2933
2934
2928
2935
2929
2936
2930
2937
2931
2938
2932
2939
2933
2940
2934
2941
2942
2936
2943
2937
2944
2938
2945
2939
2946
2940
2947
2941
2948
2942
2949
2950
2944
2951
2945
2952
2946
2953
2947
2954
2948
2955
2949
2956
2950
2957
2958
2952
2959
2953
2960
2954
2961
2955
2962
2956
2963
2957
2964
2958
2965
2966
2960
2967
2961
2968
2962
2969
2963
2970
2964
2971
2965
2972
2966
2973
2974
2968
3185
2969
3155
2970
3125
2971
3095
2972
3065
2973
3035
2974
3005
2975
2976
3005
2977
3006
2978
3007
2979
3008
2980
3009
2981
3010
2982
3011
2983
3012
2984
3013
2985
3014
2986
3015
2987
3016
2988
3017
2989
3018
2990
3019
2991
3020
2992
3021
2993
3022
2994
3023
2995
3024
2996
3025
2997
3026
2998
3027
2999
3028
3000
3029
3001
3030
3002
3031
3003
3032
3004
3033
3034
3215
3006
3035
3007
3036
3008
3037
3009
3038
3010
3039
3011
3040
3012
3041
3013
3042
3014
3043
3015
3044
3016
3045
3017
3046
3018
3047
3019
3048
3020
3049
3021
3050
3022
3051
3023
3052
3024
3053
3025
3054
3026
3055
3027
3056
3028
3057
3029
3058
3030
3059
3031
3060
3032
3061
3033
3062
3034
3063
3064
3250
3036
3065
3037
3066
3038
3067
3039
3068
3040
3069
3041
3070
3042
3071
3043
3072
3044
3073
3045
3074
3046
3075
3047
3076
3048
3077
3049
3078
3050
3079
3051
3080
3052
3081
3053
3082
3054
3083
3055
3084
3056
3085
3057
3086
3058
3087
3059
3088
3060
3089
3061
3090
3062
3091
3063
3092
3064
3093
3094
3285
3066
3095
3067
3096
3068
3097
3069
3098
3070
3099
3071
3100
3072
3101
3073
3102
3074
3103
3075
3104
3076
3105
3077
3106
3078
3107
3079
3108
3080
3109
3081
3110
3082
3111
3083
3112
3084
3113
3085
3114
3086
3115
3087
3116
3088
3117
3089
3118
3090
3119
3091
3120
3092
3121
3093
3122
3094
3123
3124
3320
3096
3125
3097
3126
3098
3127
3099
3128
3100
3129
3101
3130
3102
3131
3103
3132
3104
3133
3105
3134
3106
3135
3107
3136
3108
3137
3109
3138
3110
3139
3111
3140
3112
3141
3113
3142
3114
3143
3115
3144
3116
3145
3117
3146
3118
3147
3119
3148
3120
3149
3121
3150
3122
3151
3123
3152
3124
3153
3154
3355
3126
3155
3127
3156
3128
3157
3129
3158
3130
3159
3131
3160
3132
3161
3133
3162
3134
3163
3135
3164
3136
3165
3137
3166
3138
3167
3139
3168
3140
3169
3141
3170
3142
3171
3143
3172
3144
3173
3145
3174
3146
3175
3147
3176
3148
3177
3149
3178
3150
3179
3151
3180
3152
3181
3153
3182
3154
3183
3184
3390
3156
3185
3157
3186
3158
3187
3159
3188
3160
3189
3161
3190
3162
3191
3163
3192
3164
3193
3165
3194
3166
3195
3167
3196
3168
3197
3169
3198
3170
3199
3171
3200
3172
3201
3173
3202
3174
3203
3175
3204
3176
3205
3177
3206
3178
3207
3179
3208
3180
3209
3181
3210
3182
3211
3183
3212
3184
3213
3214
3425
3186
4046
3187
4047
3188
4048
3189
4049
3190
4050
3191
4051
3192
4052
3193
4053
3194
4054
3195
4055
3196
4056
3197
4057
3198
4058
3199
4059
3200
4060
3201
4061
3202
4062
3203
4063
3204
4064
3205
4065
3206
4066
3207
4067
3208
4068
3209
4069
3210
4070
3211
4071
3212
4072
3213
4073
3214
4074
3460
4075
3216
3250
5251
3217
3251
5252
3218
3252
5253
3219
3253
5254
3220
3254
5255
3221
3255
5256
3222
3256
5257
3223
3257
5258
3224
3258
5259
3225
3259
5260
3226
3260
5261
3227
3261
5262
3228
3262
5263
3229
3263
5264
3230
3264
5265
3231
3265
5266
3232
3266
5267
3233
3267
5268
3234
3268
5269
3235
3269
5270
3236
3270
5271
3237
3271
5272
3238
3272
5273
3239
3273
5274
3240
3274
5275
3241
3275
5276
3242
3276
5277
3243
3277
5278
3244
3278
5279
3245
3279
5280
3246
3280
5281
3247
3281
5282
3248
3282
5283
3249
3283
5284
3284
3495
5285
3251
3285
3252
3286
3253
3287
3254
3288
3255
3289
3256
3290
3257
3291
3258
3292
3259
3293
3260
3294
3261
3295
3262
3296
3263
3297
3264
3298
3265
3299
3266
3300
3267
3301
3268
3302
3269
3303
3270
3304
3271
3305
3272
3306
3273
3307
3274
3308
3275
3309
3276
3310
3277
3311
3278
3312
3279
3313
3280
3314
3281
3315
3282
3316
3283
3317
3284
3318
3319
3520
3286
3320
3287
3321
3288
3322
3289
3323
3290
3324
3291
3325
3292
3326
3293
3327
3294
3328
3295
3329
3296
3330
3297
3331
3298
3332
3299
3333
3300
3334
3301
3335
3302
3336
3303
3337
3304
3338
3305
3339
3306
3340
3307
3341
3308
3342
3309
3343
3310
3344
3311
3345
3312
3346
3313
3347
3314
3348
3315
3349
3316
3350
3317
3351
3318
3352
3319
3353
3354
3545
3321
3355
3322
3356
3323
3357
3324
3358
3325
3359
3326
3360
3327
3361
3328
3362
3329
3363
3330
3364
3331
3365
3332
3366
3333
3367
3334
3368
3335
3369
3336
3370
3337
3371
3338
3372
3339
3373
3340
3374
3341
3375
3342
3376
3343
3377
3344
3378
3345
3379
3346
3380
3347
3381
3348
3382
3349
3383
3350
3384
3351
3385
3352
3386
3353
3387
3354
3388
3389
3570
3356
3390
3357
3391
3358
3392
3359
3393
3360
3394
3361
3395
3362
3396
3363
3397
3364
3398
3365
3399
3366
3400
3367
3401
3368
3402
3369
3403
3370
3404
3371
3405
3372
3406
3373
3407
3374
3408
3375
3409
3376
3410
3377
3411
3378
3412
3379
3413
3380
3414
3381
3415
3382
3416
3383
3417
3384
3418
3385
3419
3386
3420
3387
3421
3388
3422
3389
3423
3424
3595
3391
3425
3392
3426
3393
3427
3394
3428
3395
3429
3396
3430
3397
3431
3398
3432
3399
3433
3400
3434
3401
3435
3402
3436
3403
3437
3404
3438
3405
3439
3406
3440
3407
3441
3408
3442
3409
3443
3410
3444
3411
3445
3412
3446
3413
3447
3414
3448
3415
3449
3416
3450
3417
3451
3418
3452
3419
3453
3420
3454
3421
3455
3422
3456
3423
3457
3424
3458
3459
3620
3426
3460
3427
3461
3428
3462
3429
3463
3430
3464
3431
3465
3432
3466
3433
3467
3434
3468
3435
3469
3436
3470
3437
3471
3438
3472
3439
3473
3440
3474
3441
3475
3442
3476
3443
3477
3444
3478
3445
3479
3446
3480
3447
3481
3448
3482
3449
3483
3450
3484
3451
3485
3452
3486
3453
3487
3454
3488
3455
3489
3456
3490
3457
3491
3458
3492
3459
3493
3494
3645
3461
4436
3462
4437
3463
4438
3464
4439
3465
4440
3466
4441
3467
4442
3468
4443
3469
4444
3470
4445
3471
4446
3472
4447
3473
4448
3474
4449
3475
4450
3476
4451
3477
4452
3478
4453
3479
4454
3480
4455
3481
4456
3482
4457
3483
4458
3484
4459
3485
4460
3486
4461
3487
4462
3488
4463
3489
4464
3490
4465
3491
4466
3492
4467
3493
4468
3494
4469
3670
4470
3496
3520
5311
3497
3521
5312
3498
3522
5313
3499
3523
5314
3500
3524
5315
3501
3525
5316
3502
3526
5317
3503
3527
5318
3504
3528
5319
3505
3529
5320
3506
3530
5321
3507
3531
5322
3508
3532
5323
3509
3533
5324
3510
3534
5325
3511
3535
5326
3512
3536
5327
3513
3537
5328
3514
3538
5329
3515
3539
5330
3516
3540
5331
3517
3541
5332
3518
3542
5333
3519
3543
5334
3544
5335
3521
3545
3522
3546
3523
3547
3524
3548
3525
3549
3526
3550
3527
3551
3528
3552
3529
3553
3530
3554
3531
3555
3532
3556
3533
3557
3534
3558
3535
3559
3536
3560
3537
3561
3538
3562
3539
3563
3540
3564
3541
3565
3542
3566
3543
3567
3544
3568
3569
3546
3570
3547
3571
3548
3572
3549
3573
3550
3574
3551
3575
3552
3576
3553
3577
3554
3578
3555
3579
3556
3580
3557
3581
3558
3582
3559
3583
3560
3584
3561
3585
3562
3586
3563
3587
3564
3588
3565
3589
3566
3590
3567
3591
3568
3592
3569
3593
3594
3571
3595
3572
3596
3573
3597
3574
3598
3575
3599
3576
3600
3577
3601
3578
3602
3579
3603
3580
3604
3581
3605
3582
3606
3583
3607
3584
3608
3585
3609
3586
3610
3587
3611
3588
3612
3589
3613
3590
3614
3591
3615
3592
3616
3593
3617
3594
3618
3619
3596
3620
3597
3621
3598
3622
3599
3623
3600
3624
3601
3625
3602
3626
3603
3627
3604
3628
3605
3629
3606
3630
3607
3631
3608
3632
3609
3633
3610
3634
3611
3635
3612
3636
3613
3637
3614
3638
3615
3639
3616
3640
3617
3641
3618
3642
3619
3643
3644
3621
3645
3622
3646
3623
3647
3624
3648
3625
3649
3626
3650
3627
3651
3628
3652
3629
3653
3630
3654
3631
3655
3632
3656
3633
3657
3634
3658
3635
3659
3636
3660
3637
3661
3638
3662
3639
3663
3640
3664
3641
3665
3642
3666
3643
3667
3644
3668
3669
3646
3670
3647
3671
3648
3672
3649
3673
3650
3674
3651
3675
3652
3676
3653
3677
3654
3678
3655
3679
3656
3680
3657
3681
3658
3682
3659
3683
3660
3684
3661
3685
3662
3686
3663
3687
3664
3688
3665
3689
3666
3690
3667
3691
3668
3692
3669
3693
3694
3671
4891
3672
4892
3673
4893
3674
4894
3675
4895
3676
4896
3677
4897
3678
4898
3679
4899
3680
4900
3681
4901
3682
4902
3683
4903
3684
4904
3685
4905
3686
4906
3687
4907
3688
4908
3689
4909
3690
4910
3691
4911
3692
4912
3693
4913
3694
4914
4915
3696
3707
3697
3708
3698
3709
3699
3710
3700
3711
3701
3712
3702
3713
3703
3714
3704
3715
3705
3716
3706
3717
3718
3851
3708
3719
3709
3720
3710
3721
3711
3722
3712
3723
3713
3724
3714
3725
3715
3726
3716
3727
3717
3728
3718
3729
3730
3866
3720
3731
3721
3732
3722
3733
3723
3734
3724
3735
3725
3736
3726
3737
3727
3738
3728
3739
3729
3740
3730
3741
3742
3881
3732
3743
3733
3744
3734
3745
3735
3746
3736
3747
3737
3748
3738
3749
3739
3750
3740
3751
3741
3752
3742
3753
3754
3896
3744
3755
3745
3756
3746
3757
3747
3758
3748
3759
3749
3760
3750
3761
3751
3762
3752
3763
3753
3764
3754
3765
3766
3911
3756
3767
3757
3768
3758
3769
3759
3770
3760
3771
3761
3772
3762
3773
3763
3774
3764
3775
3765
3776
3766
3777
3778
3926
3768
3779
3769
3780
3770
3781
3771
3782
3772
3783
3773
3784
3774
3785
3775
3786
3776
3787
3777
3788
3778
3789
3790
3941
3780
3791
3781
3792
3782
3793
3783
3794
3784
3795
3785
3796
3786
3797
3787
3798
3788
3799
3789
3800
3790
3801
3802
3956
3792
3803
3793
3804
3794
3805
3795
3806
3796
3807
3797
3808
3798
3809
3799
3810
3800
3811
3801
3812
3802
3813
3814
3971
3804
3815
3805
3816
3806
3817
3807
3818
3808
3819
3809
3820
3810
3821
3811
3822
3812
3823
3813
3824
3814
3825
3826
3986
3816
3827
3817
3828
3818
3829
3819
3830
3820
3831
3821
3832
3822
3833
3823
3834
3824
3835
3825
3836
3826
3837
3838
4001
3828
3839
3829
3840
3830
3841
3831
3842
3832
3843
3833
3844
3834
3845
3835
3846
3836
3847
3837
3848
3838
3849
3850
4016
3840
3841
3842
3843
3844
3845
3846
3847
3848
3849
3850
4031
3852
3866
3853
3867
3854
3868
3855
3869
3856
3870
3857
3871
3858
3872
3859
3873
3860
3874
3861
3875
3862
3876
3863
3877
3864
3878
3865
3879
3880
4046
3867
3881
3868
3882
3869
3883
3870
3884
3871
3885
3872
3886
3873
3887
3874
3888
3875
3889
3876
3890
3877
3891
3878
3892
3879
3893
3880
3894
3895
4076
3882
3896
3883
3897
3884
3898
3885
3899
3886
3900
3887
3901
3888
3902
3889
3903
3890
3904
3891
3905
3892
3906
3893
3907
3894
3908
3895
3909
3910
4106
3897
3911
3898
3912
3899
3913
3900
3914
3901
3915
3902
3916
3903
3917
3904
3918
3905
3919
3906
3920
3907
3921
3908
3922
3909
3923
3910
3924
3925
4136
3912
3926
3913
3927
3914
3928
3915
3929
3916
3930
3917
3931
3918
3932
3919
3933
3920
3934
3921
3935
3922
3936
3923
3937
3924
3938
3925
3939
3940
4166
3927
3941
3928
3942
3929
3943
3930
3944
3931
3945
3932
3946
3933
3947
3934
3948
3935
3949
3936
3950
3937
3951
3938
3952
3939
3953
3940
3954
3955
4196
3942
3956
3943
3957
3944
3958
3945
3959
3946
3960
3947
3961
3948
3962
3949
3963
3950
3964
3951
3965
3952
3966
3953
3967
3954
3968
3955
3969
3970
4226
3957
3971
3958
3972
3959
3973
3960
3974
3961
3975
3962
3976
3963
3977
3964
3978
3965
3979
3966
3980
3967
3981
3968
3982
3969
3983
3970
3984
3985
4256
3972
3986
3973
3987
3974
3988
3975
3989
3976
3990
3977
3991
3978
3992
3979
3993
3980
3994
3981
3995
3982
3996
3983
3997
3984
3998
3985
3999
4000
4286
3987
4001
3988
4002
3989
4003
3990
4004
3991
4005
3992
4006
3993
4007
3994
4008
3995
4009
3996
4010
3997
4011
3998
4012
3999
4013
4000
4014
4015
4316
4002
4016
4003
4017
4004
4018
4005
4019
4006
4020
4007
4021
4008
4022
4009
4023
4010
4024
4011
4025
4012
4026
4013
4027
4014
4028
4015
4029
4030
4346
4017
4031
4018
4032
4019
4033
4020
4034
4021
4035
4022
4036
4023
4037
4024
4038
4025
4039
4026
4040
4027
4041
4028
4042
4029
4043
4030
4044
4045
4376
4032
4033
4034
4035
4036
4037
4038
4039
4040
4041
4042
4043
4044
4045
4406
4047
4076
4048
4077
4049
4078
4050
4079
4051
4080
4052
4081
4053
4082
4054
4083
4055
4084
4056
4085
4057
4086
4058
4087
4059
4088
4060
4089
4061
4090
4062
4091
4063
4092
4064
4093
4065
4094
4066
4095
4067
4096
4068
4097
4069
4098
4070
4099
4071
4100
4072
4101
4073
4102
4074
4103
4075
4104
4105
4436
4077
4106
4078
4107
4079
4108
4080
4109
4081
4110
4082
4111
4083
4112
4084
4113
4085
4114
4086
4115
4087
4116
4088
4117
4089
4118
4090
4119
4091
4120
4092
4121
4093
4122
4094
4123
4095
4124
4096
4125
4097
4126
4098
4127
4099
4128
4100
4129
4101
4130
4102
4131
4103
4132
4104
4133
4105
4134
4135
4471
4107
4136
4108
4137
4109
4138
4110
4139
4111
4140
4112
4141
4113
4142
4114
4143
4115
4144
4116
4145
4117
4146
4118
4147
4119
4148
4120
4149
4121
4150
4122
4151
4123
4152
4124
4153
4125
4154
4126
4155
4127
4156
4128
4157
4129
4158
4130
4159
4131
4160
4132
4161
4133
4162
4134
4163
4135
4164
4165
4506
4137
4166
4138
4167
4139
4168
4140
4169
4141
4170
4142
4171
4143
4172
4144
4173
4145
4174
4146
4175
4147
4176
4148
4177
4149
4178
4150
4179
4151
4180
4152
4181
4153
4182
4154
4183
4155
4184
4156
4185
4157
4186
4158
4187
4159
4188
4160
4189
4161
4190
4162
4191
4163
4192
4164
4193
4165
4194
4195
4541
4167
4196
4168
4197
4169
4198
4170
4199
4171
4200
4172
4201
4173
4202
4174
4203
4175
4204
4176
4205
4177
4206
4178
4207
4179
4208
4180
4209
4181
4210
4182
4211
4183
4212
4184
4213
4185
4214
4186
4215
4187
4216
4188
4217
4189
4218
4190
4219
4191
4220
4192
4221
4193
4222
4194
4223
4195
4224
4225
4576
4197
4226
4198
4227
4199
4228
4200
4229
4201
4230
4202
4231
4203
4232
4204
4233
4205
4234
4206
4235
4207
4236
4208
4237
4209
4238
4210
4239
4211
4240
4212
4241
4213
4242
4214
4243
4215
4244
4216
4245
4217
4246
4218
4247
4219
4248
4220
4249
4221
4250
4222
4251
4223
4252
4224
4253
4225
4254
4255
4611
4227
4256
4228
4257
4229
4258
4230
4259
4231
4260
4232
4261
4233
4262
4234
4263
4235
4264
4236
4265
4237
4266
4238
4267
4239
4268
4240
4269
4241
4270
4242
4271
4243
4272
4244
4273
4245
4274
4246
4275
4247
4276
4248
4277
4249
4278
4250
4279
4251
4280
4252
4281
4253
4282
4254
4283
4255
4284
4285
4646
4257
4286
4258
4287
4259
4288
4260
4289
4261
4290
4262
4291
4263
4292
4264
4293
4265
4294
4266
4295
4267
4296
4268
4297
4269
4298
4270
4299
4271
4300
4272
4301
4273
4302
4274
4303
4275
4304
4276
4305
4277
4306
4278
4307
4279
4308
4280
4309
4281
4310
4282
4311
4283
4312
4284
4313
4285
4314
4315
4681
4287
4316
4288
4317
4289
4318
4290
4319
4291
4320
4292
4321
4293
4322
4294
4323
4295
4324
4296
4325
4297
4326
4298
4327
4299
4328
4300
4329
4301
4330
4302
4331
4303
4332
4304
4333
4305
4334
4306
4335
4307
4336
4308
4337
4309
4338
4310
4339
4311
4340
4312
4341
4313
4342
4314
4343
4315
4344
4345
4716
4317
4346
4318
4347
4319
4348
4320
4349
4321
4350
4322
4351
4323
4352
4324
4353
4325
4354
4326
4355
4327
4356
4328
4357
4329
4358
4330
4359
4331
4360
4332
4361
4333
4362
4334
4363
4335
4364
4336
4365
4337
4366
4338
4367
4339
4368
4340
4369
4341
4370
4342
4371
4343
4372
4344
4373
4345
4374
4375
4751
4347
4376
4348
4377
4349
4378
4350
4379
4351
4380
4352
4381
4353
4382
4354
4383
4355
4384
4356
4385
4357
4386
4358
4387
4359
4388
4360
4389
4361
4390
4362
4391
4363
4392
4364
4393
4365
4394
4366
4395
4367
4396
4368
4397
4369
4398
4370
4399
4371
4400
4372
4401
4373
4402
4374
4403
4375
4404
4405
4786
4377
4406
4378
4407
4379
4408
4380
4409
4381
4410
4382
4411
4383
4412
4384
4413
4385
4414
4386
4415
4387
4416
4388
4417
4389
4418
4390
4419
4391
4420
4392
4421
4393
4422
4394
4423
4395
4424
4396
4425
4397
4426
4398
4427
4399
4428
4400
4429
4401
4430
4402
4431
4403
4432
4404
4433
4405
4434
4435
4821
4407
4408
4409
4410
4411
4412
4413
4414
4415
4416
4417
4418
4419
4420
4421
4422
4423
4424
4425
4426
4427
4428
4429
4430
4431
4432
4433
4434
4435
4856
4437
4471
4438
4472
4439
4473
4440
4474
4441
4475
4442
4476
4443
4477
4444
4478
4445
4479
4446
4480
4447
4481
4448
4482
4449
4483
4450
4484
4451
4485
4452
4486
4453
4487
4454
4488
4455
4489
4456
4490
4457
4491
4458
4492
4459
4493
4460
4494
4461
4495
4462
4496
4463
4497
4464
4498
4465
4499
4466
4500
4467
4501
4468
4502
4469
4503
4470
4504
4505
4891
4472
4506
4473
4507
4474
4508
4475
4509
4476
4510
4477
4511
4478
4512
4479
4513
4480
4514
4481
4515
4482
4516
4483
4517
4484
4518
4485
4519
4486
4520
4487
4521
4488
4522
4489
4523
4490
4524
4491
4525
4492
4526
4493
4527
4494
4528
4495
4529
4496
4530
4497
4531
4498
4532
4499
4533
4500
4534
4501
4535
4502
4536
4503
4537
4504
4538
4505
4539
4540
4916
4507
4541
4508
4542
4509
4543
4510
4544
4511
4545
4512
4546
4513
4547
4514
4548
4515
4549
4516
4550
4517
4551
4518
4552
4519
4553
4520
4554
4521
4555
4522
4556
4523
4557
4524
4558
4525
4559
4526
4560
4527
4561
4528
4562
4529
4563
4530
4564
4531
4565
4532
4566
4533
4567
4534
4568
4535
4569
4536
4570
4537
4571
4538
4572
4539
4573
4540
4574
4575
4941
4542
4576
4543
4577
4544
4578
4545
4579
4546
4580
4547
4581
4548
4582
4549
4583
4550
4584
4551
4585
4552
4586
4553
4587
4554
4588
4555
4589
4556
4590
4557
4591
4558
4592
4559
4593
4560
4594
4561
4595
4562
4596
4563
4597
4564
4598
4565
4599
4566
4600
4567
4601
4568
4602
4569
4603
4570
4604
4571
4605
4572
4606
4573
4607
4574
4608
4575
4609
4610
4966
4577
4611
4578
4612
4579
4613
4580
4614
4581
4615
4582
4616
4583
4617
4584
4618
4585
4619
4586
4620
4587
4621
4588
4622
4589
4623
4590
4624
4591
4625
4592
4626
4593
4627
4594
4628
4595
4629
4596
4630
4597
4631
4598
4632
4599
4633
4600
4634
4601
4635
4602
4636
4603
4637
4604
4638
4605
4639
4606
4640
4607
4641
4608
4642
4609
4643
4610
4644
4645
4991
4612
4646
4613
4647
4614
4648
4615
4649
4616
4650
4617
4651
4618
4652
4619
4653
4620
4654
4621
4655
4622
4656
4623
4657
4624
4658
4625
4659
4626
4660
4627
4661
4628
4662
4629
4663
4630
4664
4631
4665
4632
4666
4633
4667
4634
4668
4635
4669
4636
4670
4637
4671
4638
4672
4639
4673
4640
4674
4641
4675
4642
4676
4643
4677
4644
4678
4645
4679
4680
5016
4647
4681
4648
4682
4649
4683
4650
4684
4651
4685
4652
4686
4653
4687
4654
4688
4655
4689
4656
4690
4657
4691
4658
4692
4659
4693
4660
4694
4661
4695
4662
4696
4663
4697
4664
4698
4665
4699
4666
4700
4667
4701
4668
4702
4669
4703
4670
4704
4671
4705
4672
4706
4673
4707
4674
4708
4675
4709
4676
4710
4677
4711
4678
4712
4679
4713
4680
4714
4715
5041
4682
4716
4683
4717
4684
4718
4685
4719
4686
4720
4687
4721
4688
4722
4689
4723
4690
4724
4691
4725
4692
4726
4693
4727
4694
4728
4695
4729
4696
4730
4697
4731
4698
4732
4699
4733
4700
4734
4701
4735
4702
4736
4703
4737
4704
4738
4705
4739
4706
4740
4707
4741
4708
4742
4709
4743
4710
4744
4711
4745
4712
4746
4713
4747
4714
4748
4715
4749
4750
5066
4717
4751
4718
4752
4719
4753
4720
4754
4721
4755
4722
4756
4723
4757
4724
4758
4725
4759
4726
4760
4727
4761
4728
4762
4729
4763
4730
4764
4731
4765
4732
4766
4733
4767
4734
4768
4735
4769
4736
4770
4737
4771
4738
4772
4739
4773
4740
4774
4741
4775
4742
4776
4743
4777
4744
4778
4745
4779
4746
4780
4747
4781
4748
4782
4749
4783
4750
4784
4785
5091
4752
4786
4753
4787
4754
4788
4755
4789
4756
4790
4757
4791
4758
4792
4759
4793
4760
4794
4761
4795
4762
4796
4763
4797
4764
4798
4765
4799
4766
4800
4767
4801
4768
4802
4769
4803
4770
4804
4771
4805
4772
4806
4773
4807
4774
4808
4775
4809
4776
4810
4777
4811
4778
4812
4779
4813
4780
4814
4781
4815
4782
4816
4783
4817
4784
4818
4785
4819
4820
5116
4787
4821
4788
4822
4789
4823
4790
4824
4791
4825
4792
4826
4793
4827
4794
4828
4795
4829
4796
4830
4797
4831
4798
4832
4799
4833
4800
4834
4801
4835
4802
4836
4803
4837
4804
4838
4805
4839
4806
4840
4807
4841
4808
4842
4809
4843
4810
4844
4811
4845
4812
4846
4813
4847
4814
4848
4815
4849
4816
4850
4817
4851
4818
4852
4819
4853
4820
4854
4855
5141
4822
4856
4823
4857
4824
4858
4825
4859
4826
4860
4827
4861
4828
4862
4829
4863
4830
4864
4831
4865
4832
4866
4833
4867
4834
4868
4835
4869
4836
4870
4837
4871
4838
4872
4839
4873
4840
4874
4841
4875
4842
4876
4843
4877
4844
4878
4845
4879
4846
4880
4847
4881
4848
4882
4849
4883
4850
4884
4851
4885
4852
4886
4853
4887
4854
4888
4855
4889
4890
5166
4857
4858
4859
4860
4861
4862
4863
4864
4865
4866
4867
4868
4869
4870
4871
4872
4873
4874
4875
4876
4877
4878
4879
4880
4881
4882
4883
4884
4885
4886
4887
4888
4889
4890
5191
4892
4916
4893
4917
4894
4918
4895
4919
4896
4920
4897
4921
4898
4922
4899
4923
4900
4924
4901
4925
4902
4926
4903
4927
4904
4928
4905
4929
4906
4930
4907
4931
4908
4932
4909
4933
4910
4934
4911
4935
4912
4936
4913
4937
4914
4938
4915
4939
4940
4917
4941
4918
4942
4919
4943
4920
4944
4921
4945
4922
4946
4923
4947
4924
4948
4925
4949
4926
4950
4927
4951
4928
4952
4929
4953
4930
4954
4931
4955
4932
4956
4933
4957
4934
4958
4935
4959
4936
4960
4937
4961
4938
4962
4939
4963
4940
4964
4965
4942
4966
4943
4967
4944
4968
4945
4969
4946
4970
4947
4971
4948
4972
4949
4973
4950
4974
4951
4975
4952
4976
4953
4977
4954
4978
4955
4979
4956
4980
4957
4981
4958
4982
4959
4983
4960
4984
4961
4985
4962
4986
4963
4987
4964
4988
4965
4989
4990
4967
4991
4968
4992
4969
4993
4970
4994
4971
4995
4972
4996
4973
4997
4974
4998
4975
4999
4976
5000
4977
5001
4978
5002
4979
5003
4980
5004
4981
5005
4982
5006
4983
5007
4984
5008
4985
5009
4986
5010
4987
5011
4988
5012
4989
5013
4990
5014
5015
4992
5016
4993
5017
4994
5018
4995
5019
4996
5020
4997
5021
4998
5022
4999
5023
5000
5024
5001
5025
5002
5026
5003
5027
5004
5028
5005
5029
5006
5030
5007
5031
5008
5032
5009
5033
5010
5034
5011
5035
5012
5036
5013
5037
5014
5038
5015
5039
5040
5017
5041
5018
5042
5019
5043
5020
5044
5021
5045
5022
5046
5023
5047
5024
5048
5025
5049
5026
5050
5027
5051
5028
5052
5029
5053
5030
5054
5031
5055
5032
5056
5033
5057
5034
5058
5035
5059
5036
5060
5037
5061
5038
5062
5039
5063
5040
5064
5065
5042
5066
5043
5067
5044
5068
5045
5069
5046
5070
5047
5071
5048
5072
5049
5073
5050
5074
5051
5075
5052
5076
5053
5077
5054
5078
5055
5079
5056
5080
5057
5081
5058
5082
5059
5083
5060
5084
5061
5085
5062
5086
5063
5087
5064
5088
5065
5089
5090
5067
5091
5068
5092
5069
5093
5070
5094
5071
5095
5072
5096
5073
5097
5074
5098
5075
5099
5076
5100
5077
5101
5078
5102
5079
5103
5080
5104
5081
5105
5082
5106
5083
5107
5084
5108
5085
5109
5086
5110
5087
5111
5088
5112
5089
5113
5090
5114
5115
5092
5116
5093
5117
5094
5118
5095
5119
5096
5120
5097
5121
5098
5122
5099
5123
5100
5124
5101
5125
5102
5126
5103
5127
5104
5128
5105
5129
5106
5130
5107
5131
5108
5132
5109
5133
5110
5134
5111
5135
5112
5136
5113
5137
5114
5138
5115
5139
5140
5117
5141
5118
5142
5119
5143
5120
5144
5121
5145
5122
5146
5123
5147
5124
5148
5125
5149
5126
5150
5127
5151
5128
5152
5129
5153
5130
5154
5131
5155
5132
5156
5133
5157
5134
5158
5135
5159
5136
5160
5137
5161
5138
5162
5139
5163
5140
5164
5165
5142
5166
5143
5167
5144
5168
5145
5169
5146
5170
5147
5171
5148
5172
5149
5173
5150
5174
5151
5175
5152
5176
5153
5177
5154
5178
5155
5179
5156
5180
5157
5181
5158
5182
5159
5183
5160
5184
5161
5185
5162
5186
5163
5187
5164
5188
5165
5189
5190
5167
5191
5168
5192
5169
5193
5170
5194
5171
5195
5172
5196
5173
5197
5174
5198
5175
5199
5176
5200
5177
5201
5178
5202
5179
5203
5180
5204
5181
5205
5182
5206
5183
5207
5184
5208
5185
5209
5186
5210
5187
5211
5188
5212
5189
5213
5190
5214
5215
5192
5193
5194
5195
5196
5197
5198
5199
5200
5201
5202
5203
5204
5205
5206
5207
5208
5209
5210
5211
5212
5213
5214
5215
5217
5251
5218
5252
5219
5253
5220
5254
5221
5255
5222
5256
5223
5257
5224
5258
5225
5259
5226
5260
5227
5261
5228
5262
5229
5263
5230
5264
5231
5265
5232
5266
5233
5267
5234
5268
5235
5269
5236
5270
5237
5271
5238
5272
5239
5273
5240
5274
5241
5275
5242
5276
5243
5277
5244
5278
5245
5279
5246
5280
5247
5281
5248
5282
5249
5283
5250
5284
5285
5286
5252
5253
5254
5255
5256
5257
5258
5259
5260
5261
5262
5263
5264
5265
5266
5267
5268
5269
5270
5271
5272
5273
5274
5275
5276
5277
5278
5279
5280
5281
5282
5283
5284
5285
5311
5287
5311
5288
5312
5289
5313
5290
5314
5291
5315
5292
5316
5293
5317
5294
5318
5295
5319
5296
5320
5297
5321
5298
5322
5299
5323
5300
5324
5301
5325
5302
5326
5303
5327
5304
5328
5305
5329
5306
5330
5307
5331
5308
5332
5309
5333
5310
5334
5335
5312
5313
5314
5315
5316
5317
5318
5319
5320
5321
5322
5323
5324
5325
5326
5327
5328
5329
5330
5331
5332
5333
5334
5335
)


// ************************************************************************* //
