(
        ( 0     1e9 )
)

/*
(
        ( 1     1e10 )
        ( 2     1e10 )
)
*/

/*(
        ( 0.2  1000e6 )

        ( 0.0015 200e6 )
        ( 0.005 200e6 )

        ( 0     100e6 )
        ( 1     100e6 )
)*/

/*(
        ( 0          241316504.79999998 )
        ( 0.0035     275790291.2 )
        ( 0.0083     301645631 )
        ( 0.0133     318882524.2 )
        ( 0.0182     344737864 )
        ( 0.0281     361974757.2 )
        ( 0.0380     379211650.4 )
        ( 1          1482372815.2 )
)*/

/*
// stress in lb/inch^2
(
        ( 0          35000 )
        ( 0.0035     40000 )
        ( 0.0083     43750 )
        ( 0.0133     46250 )
        ( 0.0182     50000 )
        ( 0.0281     52500 )
        ( 0.0380     55000 )
        ( 1          215000 )
)
*/
