/*--------------------------------*- C++ -*----------------------------------*\
| =========                 |                                                 |
| \\      /  F ield         | foam-extend: Open Source CFD                    |
|  \\    /   O peration     | Version:     4.0                                |
|   \\  /    A nd           | Web:         http://www.foam-extend.org         |
|    \\/     M anipulation  |                                                 |
\*---------------------------------------------------------------------------*/
FoamFile
{
    version     2.0;
    format      ascii;
    class       faceList;
    location    "constant/polyMesh";
    object      faces;
}
// * * * * * * * * * * * * * * * * * * * * * * * * * * * * * * * * * * * * * //


3660
(
4(1 32 993 962)
4(31 992 993 32)
4(2 33 994 963)
4(32 993 994 33)
4(3 34 995 964)
4(33 994 995 34)
4(4 35 996 965)
4(34 995 996 35)
4(5 36 997 966)
4(35 996 997 36)
4(6 37 998 967)
4(36 997 998 37)
4(7 38 999 968)
4(37 998 999 38)
4(8 39 1000 969)
4(38 999 1000 39)
4(9 40 1001 970)
4(39 1000 1001 40)
4(10 41 1002 971)
4(40 1001 1002 41)
4(11 42 1003 972)
4(41 1002 1003 42)
4(12 43 1004 973)
4(42 1003 1004 43)
4(13 44 1005 974)
4(43 1004 1005 44)
4(14 45 1006 975)
4(44 1005 1006 45)
4(15 46 1007 976)
4(45 1006 1007 46)
4(16 47 1008 977)
4(46 1007 1008 47)
4(17 48 1009 978)
4(47 1008 1009 48)
4(18 49 1010 979)
4(48 1009 1010 49)
4(19 50 1011 980)
4(49 1010 1011 50)
4(20 51 1012 981)
4(50 1011 1012 51)
4(21 52 1013 982)
4(51 1012 1013 52)
4(22 53 1014 983)
4(52 1013 1014 53)
4(23 54 1015 984)
4(53 1014 1015 54)
4(24 55 1016 985)
4(54 1015 1016 55)
4(25 56 1017 986)
4(55 1016 1017 56)
4(26 57 1018 987)
4(56 1017 1018 57)
4(27 58 1019 988)
4(57 1018 1019 58)
4(28 59 1020 989)
4(58 1019 1020 59)
4(29 60 1021 990)
4(59 1020 1021 60)
4(60 1021 1022 61)
4(32 63 1024 993)
4(62 1023 1024 63)
4(33 64 1025 994)
4(63 1024 1025 64)
4(34 65 1026 995)
4(64 1025 1026 65)
4(35 66 1027 996)
4(65 1026 1027 66)
4(36 67 1028 997)
4(66 1027 1028 67)
4(37 68 1029 998)
4(67 1028 1029 68)
4(38 69 1030 999)
4(68 1029 1030 69)
4(39 70 1031 1000)
4(69 1030 1031 70)
4(40 71 1032 1001)
4(70 1031 1032 71)
4(41 72 1033 1002)
4(71 1032 1033 72)
4(42 73 1034 1003)
4(72 1033 1034 73)
4(43 74 1035 1004)
4(73 1034 1035 74)
4(44 75 1036 1005)
4(74 1035 1036 75)
4(45 76 1037 1006)
4(75 1036 1037 76)
4(46 77 1038 1007)
4(76 1037 1038 77)
4(47 78 1039 1008)
4(77 1038 1039 78)
4(48 79 1040 1009)
4(78 1039 1040 79)
4(49 80 1041 1010)
4(79 1040 1041 80)
4(50 81 1042 1011)
4(80 1041 1042 81)
4(51 82 1043 1012)
4(81 1042 1043 82)
4(52 83 1044 1013)
4(82 1043 1044 83)
4(53 84 1045 1014)
4(83 1044 1045 84)
4(54 85 1046 1015)
4(84 1045 1046 85)
4(55 86 1047 1016)
4(85 1046 1047 86)
4(56 87 1048 1017)
4(86 1047 1048 87)
4(57 88 1049 1018)
4(87 1048 1049 88)
4(58 89 1050 1019)
4(88 1049 1050 89)
4(59 90 1051 1020)
4(89 1050 1051 90)
4(60 91 1052 1021)
4(90 1051 1052 91)
4(91 1052 1053 92)
4(63 94 1055 1024)
4(93 1054 1055 94)
4(64 95 1056 1025)
4(94 1055 1056 95)
4(65 96 1057 1026)
4(95 1056 1057 96)
4(66 97 1058 1027)
4(96 1057 1058 97)
4(67 98 1059 1028)
4(97 1058 1059 98)
4(68 99 1060 1029)
4(98 1059 1060 99)
4(69 100 1061 1030)
4(99 1060 1061 100)
4(70 101 1062 1031)
4(100 1061 1062 101)
4(71 102 1063 1032)
4(101 1062 1063 102)
4(72 103 1064 1033)
4(102 1063 1064 103)
4(73 104 1065 1034)
4(103 1064 1065 104)
4(74 105 1066 1035)
4(104 1065 1066 105)
4(75 106 1067 1036)
4(105 1066 1067 106)
4(76 107 1068 1037)
4(106 1067 1068 107)
4(77 108 1069 1038)
4(107 1068 1069 108)
4(78 109 1070 1039)
4(108 1069 1070 109)
4(79 110 1071 1040)
4(109 1070 1071 110)
4(80 111 1072 1041)
4(110 1071 1072 111)
4(81 112 1073 1042)
4(111 1072 1073 112)
4(82 113 1074 1043)
4(112 1073 1074 113)
4(83 114 1075 1044)
4(113 1074 1075 114)
4(84 115 1076 1045)
4(114 1075 1076 115)
4(85 116 1077 1046)
4(115 1076 1077 116)
4(86 117 1078 1047)
4(116 1077 1078 117)
4(87 118 1079 1048)
4(117 1078 1079 118)
4(88 119 1080 1049)
4(118 1079 1080 119)
4(89 120 1081 1050)
4(119 1080 1081 120)
4(90 121 1082 1051)
4(120 1081 1082 121)
4(91 122 1083 1052)
4(121 1082 1083 122)
4(122 1083 1084 123)
4(94 125 1086 1055)
4(124 1085 1086 125)
4(95 126 1087 1056)
4(125 1086 1087 126)
4(96 127 1088 1057)
4(126 1087 1088 127)
4(97 128 1089 1058)
4(127 1088 1089 128)
4(98 129 1090 1059)
4(128 1089 1090 129)
4(99 130 1091 1060)
4(129 1090 1091 130)
4(100 131 1092 1061)
4(130 1091 1092 131)
4(101 132 1093 1062)
4(131 1092 1093 132)
4(102 133 1094 1063)
4(132 1093 1094 133)
4(103 134 1095 1064)
4(133 1094 1095 134)
4(104 135 1096 1065)
4(134 1095 1096 135)
4(105 136 1097 1066)
4(135 1096 1097 136)
4(106 137 1098 1067)
4(136 1097 1098 137)
4(107 138 1099 1068)
4(137 1098 1099 138)
4(108 139 1100 1069)
4(138 1099 1100 139)
4(109 140 1101 1070)
4(139 1100 1101 140)
4(110 141 1102 1071)
4(140 1101 1102 141)
4(111 142 1103 1072)
4(141 1102 1103 142)
4(112 143 1104 1073)
4(142 1103 1104 143)
4(113 144 1105 1074)
4(143 1104 1105 144)
4(114 145 1106 1075)
4(144 1105 1106 145)
4(115 146 1107 1076)
4(145 1106 1107 146)
4(116 147 1108 1077)
4(146 1107 1108 147)
4(117 148 1109 1078)
4(147 1108 1109 148)
4(118 149 1110 1079)
4(148 1109 1110 149)
4(119 150 1111 1080)
4(149 1110 1111 150)
4(120 151 1112 1081)
4(150 1111 1112 151)
4(121 152 1113 1082)
4(151 1112 1113 152)
4(122 153 1114 1083)
4(152 1113 1114 153)
4(153 1114 1115 154)
4(125 156 1117 1086)
4(155 1116 1117 156)
4(126 157 1118 1087)
4(156 1117 1118 157)
4(127 158 1119 1088)
4(157 1118 1119 158)
4(128 159 1120 1089)
4(158 1119 1120 159)
4(129 160 1121 1090)
4(159 1120 1121 160)
4(130 161 1122 1091)
4(160 1121 1122 161)
4(131 162 1123 1092)
4(161 1122 1123 162)
4(132 163 1124 1093)
4(162 1123 1124 163)
4(133 164 1125 1094)
4(163 1124 1125 164)
4(134 165 1126 1095)
4(164 1125 1126 165)
4(135 166 1127 1096)
4(165 1126 1127 166)
4(136 167 1128 1097)
4(166 1127 1128 167)
4(137 168 1129 1098)
4(167 1128 1129 168)
4(138 169 1130 1099)
4(168 1129 1130 169)
4(139 170 1131 1100)
4(169 1130 1131 170)
4(140 171 1132 1101)
4(170 1131 1132 171)
4(141 172 1133 1102)
4(171 1132 1133 172)
4(142 173 1134 1103)
4(172 1133 1134 173)
4(143 174 1135 1104)
4(173 1134 1135 174)
4(144 175 1136 1105)
4(174 1135 1136 175)
4(145 176 1137 1106)
4(175 1136 1137 176)
4(146 177 1138 1107)
4(176 1137 1138 177)
4(147 178 1139 1108)
4(177 1138 1139 178)
4(148 179 1140 1109)
4(178 1139 1140 179)
4(149 180 1141 1110)
4(179 1140 1141 180)
4(150 181 1142 1111)
4(180 1141 1142 181)
4(151 182 1143 1112)
4(181 1142 1143 182)
4(152 183 1144 1113)
4(182 1143 1144 183)
4(153 184 1145 1114)
4(183 1144 1145 184)
4(184 1145 1146 185)
4(156 187 1148 1117)
4(186 1147 1148 187)
4(157 188 1149 1118)
4(187 1148 1149 188)
4(158 189 1150 1119)
4(188 1149 1150 189)
4(159 190 1151 1120)
4(189 1150 1151 190)
4(160 191 1152 1121)
4(190 1151 1152 191)
4(161 192 1153 1122)
4(191 1152 1153 192)
4(162 193 1154 1123)
4(192 1153 1154 193)
4(163 194 1155 1124)
4(193 1154 1155 194)
4(164 195 1156 1125)
4(194 1155 1156 195)
4(165 196 1157 1126)
4(195 1156 1157 196)
4(166 197 1158 1127)
4(196 1157 1158 197)
4(167 198 1159 1128)
4(197 1158 1159 198)
4(168 199 1160 1129)
4(198 1159 1160 199)
4(169 200 1161 1130)
4(199 1160 1161 200)
4(170 201 1162 1131)
4(200 1161 1162 201)
4(171 202 1163 1132)
4(201 1162 1163 202)
4(172 203 1164 1133)
4(202 1163 1164 203)
4(173 204 1165 1134)
4(203 1164 1165 204)
4(174 205 1166 1135)
4(204 1165 1166 205)
4(175 206 1167 1136)
4(205 1166 1167 206)
4(176 207 1168 1137)
4(206 1167 1168 207)
4(177 208 1169 1138)
4(207 1168 1169 208)
4(178 209 1170 1139)
4(208 1169 1170 209)
4(179 210 1171 1140)
4(209 1170 1171 210)
4(180 211 1172 1141)
4(210 1171 1172 211)
4(181 212 1173 1142)
4(211 1172 1173 212)
4(182 213 1174 1143)
4(212 1173 1174 213)
4(183 214 1175 1144)
4(213 1174 1175 214)
4(184 215 1176 1145)
4(214 1175 1176 215)
4(215 1176 1177 216)
4(187 218 1179 1148)
4(217 1178 1179 218)
4(188 219 1180 1149)
4(218 1179 1180 219)
4(189 220 1181 1150)
4(219 1180 1181 220)
4(190 221 1182 1151)
4(220 1181 1182 221)
4(191 222 1183 1152)
4(221 1182 1183 222)
4(192 223 1184 1153)
4(222 1183 1184 223)
4(193 224 1185 1154)
4(223 1184 1185 224)
4(194 225 1186 1155)
4(224 1185 1186 225)
4(195 226 1187 1156)
4(225 1186 1187 226)
4(196 227 1188 1157)
4(226 1187 1188 227)
4(197 228 1189 1158)
4(227 1188 1189 228)
4(198 229 1190 1159)
4(228 1189 1190 229)
4(199 230 1191 1160)
4(229 1190 1191 230)
4(200 231 1192 1161)
4(230 1191 1192 231)
4(201 232 1193 1162)
4(231 1192 1193 232)
4(202 233 1194 1163)
4(232 1193 1194 233)
4(203 234 1195 1164)
4(233 1194 1195 234)
4(204 235 1196 1165)
4(234 1195 1196 235)
4(205 236 1197 1166)
4(235 1196 1197 236)
4(206 237 1198 1167)
4(236 1197 1198 237)
4(207 238 1199 1168)
4(237 1198 1199 238)
4(208 239 1200 1169)
4(238 1199 1200 239)
4(209 240 1201 1170)
4(239 1200 1201 240)
4(210 241 1202 1171)
4(240 1201 1202 241)
4(211 242 1203 1172)
4(241 1202 1203 242)
4(212 243 1204 1173)
4(242 1203 1204 243)
4(213 244 1205 1174)
4(243 1204 1205 244)
4(214 245 1206 1175)
4(244 1205 1206 245)
4(215 246 1207 1176)
4(245 1206 1207 246)
4(246 1207 1208 247)
4(218 249 1210 1179)
4(248 1209 1210 249)
4(219 250 1211 1180)
4(249 1210 1211 250)
4(220 251 1212 1181)
4(250 1211 1212 251)
4(221 252 1213 1182)
4(251 1212 1213 252)
4(222 253 1214 1183)
4(252 1213 1214 253)
4(223 254 1215 1184)
4(253 1214 1215 254)
4(224 255 1216 1185)
4(254 1215 1216 255)
4(225 256 1217 1186)
4(255 1216 1217 256)
4(226 257 1218 1187)
4(256 1217 1218 257)
4(227 258 1219 1188)
4(257 1218 1219 258)
4(228 259 1220 1189)
4(258 1219 1220 259)
4(229 260 1221 1190)
4(259 1220 1221 260)
4(230 261 1222 1191)
4(260 1221 1222 261)
4(231 262 1223 1192)
4(261 1222 1223 262)
4(232 263 1224 1193)
4(262 1223 1224 263)
4(233 264 1225 1194)
4(263 1224 1225 264)
4(234 265 1226 1195)
4(264 1225 1226 265)
4(235 266 1227 1196)
4(265 1226 1227 266)
4(236 267 1228 1197)
4(266 1227 1228 267)
4(237 268 1229 1198)
4(267 1228 1229 268)
4(238 269 1230 1199)
4(268 1229 1230 269)
4(239 270 1231 1200)
4(269 1230 1231 270)
4(240 271 1232 1201)
4(270 1231 1232 271)
4(241 272 1233 1202)
4(271 1232 1233 272)
4(242 273 1234 1203)
4(272 1233 1234 273)
4(243 274 1235 1204)
4(273 1234 1235 274)
4(244 275 1236 1205)
4(274 1235 1236 275)
4(245 276 1237 1206)
4(275 1236 1237 276)
4(246 277 1238 1207)
4(276 1237 1238 277)
4(277 1238 1239 278)
4(249 280 1241 1210)
4(279 1240 1241 280)
4(250 281 1242 1211)
4(280 1241 1242 281)
4(251 282 1243 1212)
4(281 1242 1243 282)
4(252 283 1244 1213)
4(282 1243 1244 283)
4(253 284 1245 1214)
4(283 1244 1245 284)
4(254 285 1246 1215)
4(284 1245 1246 285)
4(255 286 1247 1216)
4(285 1246 1247 286)
4(256 287 1248 1217)
4(286 1247 1248 287)
4(257 288 1249 1218)
4(287 1248 1249 288)
4(258 289 1250 1219)
4(288 1249 1250 289)
4(259 290 1251 1220)
4(289 1250 1251 290)
4(260 291 1252 1221)
4(290 1251 1252 291)
4(261 292 1253 1222)
4(291 1252 1253 292)
4(262 293 1254 1223)
4(292 1253 1254 293)
4(263 294 1255 1224)
4(293 1254 1255 294)
4(264 295 1256 1225)
4(294 1255 1256 295)
4(265 296 1257 1226)
4(295 1256 1257 296)
4(266 297 1258 1227)
4(296 1257 1258 297)
4(267 298 1259 1228)
4(297 1258 1259 298)
4(268 299 1260 1229)
4(298 1259 1260 299)
4(269 300 1261 1230)
4(299 1260 1261 300)
4(270 301 1262 1231)
4(300 1261 1262 301)
4(271 302 1263 1232)
4(301 1262 1263 302)
4(272 303 1264 1233)
4(302 1263 1264 303)
4(273 304 1265 1234)
4(303 1264 1265 304)
4(274 305 1266 1235)
4(304 1265 1266 305)
4(275 306 1267 1236)
4(305 1266 1267 306)
4(276 307 1268 1237)
4(306 1267 1268 307)
4(277 308 1269 1238)
4(307 1268 1269 308)
4(308 1269 1270 309)
4(280 311 1272 1241)
4(310 1271 1272 311)
4(281 312 1273 1242)
4(311 1272 1273 312)
4(282 313 1274 1243)
4(312 1273 1274 313)
4(283 314 1275 1244)
4(313 1274 1275 314)
4(284 315 1276 1245)
4(314 1275 1276 315)
4(285 316 1277 1246)
4(315 1276 1277 316)
4(286 317 1278 1247)
4(316 1277 1278 317)
4(287 318 1279 1248)
4(317 1278 1279 318)
4(288 319 1280 1249)
4(318 1279 1280 319)
4(289 320 1281 1250)
4(319 1280 1281 320)
4(290 321 1282 1251)
4(320 1281 1282 321)
4(291 322 1283 1252)
4(321 1282 1283 322)
4(292 323 1284 1253)
4(322 1283 1284 323)
4(293 324 1285 1254)
4(323 1284 1285 324)
4(294 325 1286 1255)
4(324 1285 1286 325)
4(295 326 1287 1256)
4(325 1286 1287 326)
4(296 327 1288 1257)
4(326 1287 1288 327)
4(297 328 1289 1258)
4(327 1288 1289 328)
4(298 329 1290 1259)
4(328 1289 1290 329)
4(299 330 1291 1260)
4(329 1290 1291 330)
4(300 331 1292 1261)
4(330 1291 1292 331)
4(301 332 1293 1262)
4(331 1292 1293 332)
4(302 333 1294 1263)
4(332 1293 1294 333)
4(303 334 1295 1264)
4(333 1294 1295 334)
4(304 335 1296 1265)
4(334 1295 1296 335)
4(305 336 1297 1266)
4(335 1296 1297 336)
4(306 337 1298 1267)
4(336 1297 1298 337)
4(307 338 1299 1268)
4(337 1298 1299 338)
4(308 339 1300 1269)
4(338 1299 1300 339)
4(339 1300 1301 340)
4(311 342 1303 1272)
4(341 1302 1303 342)
4(312 343 1304 1273)
4(342 1303 1304 343)
4(313 344 1305 1274)
4(343 1304 1305 344)
4(314 345 1306 1275)
4(344 1305 1306 345)
4(315 346 1307 1276)
4(345 1306 1307 346)
4(316 347 1308 1277)
4(346 1307 1308 347)
4(317 348 1309 1278)
4(347 1308 1309 348)
4(318 349 1310 1279)
4(348 1309 1310 349)
4(319 350 1311 1280)
4(349 1310 1311 350)
4(320 351 1312 1281)
4(350 1311 1312 351)
4(321 352 1313 1282)
4(351 1312 1313 352)
4(322 353 1314 1283)
4(352 1313 1314 353)
4(323 354 1315 1284)
4(353 1314 1315 354)
4(324 355 1316 1285)
4(354 1315 1316 355)
4(325 356 1317 1286)
4(355 1316 1317 356)
4(326 357 1318 1287)
4(356 1317 1318 357)
4(327 358 1319 1288)
4(357 1318 1319 358)
4(328 359 1320 1289)
4(358 1319 1320 359)
4(329 360 1321 1290)
4(359 1320 1321 360)
4(330 361 1322 1291)
4(360 1321 1322 361)
4(331 362 1323 1292)
4(361 1322 1323 362)
4(332 363 1324 1293)
4(362 1323 1324 363)
4(333 364 1325 1294)
4(363 1324 1325 364)
4(334 365 1326 1295)
4(364 1325 1326 365)
4(335 366 1327 1296)
4(365 1326 1327 366)
4(336 367 1328 1297)
4(366 1327 1328 367)
4(337 368 1329 1298)
4(367 1328 1329 368)
4(338 369 1330 1299)
4(368 1329 1330 369)
4(339 370 1331 1300)
4(369 1330 1331 370)
4(370 1331 1332 371)
4(342 373 1334 1303)
4(372 1333 1334 373)
4(343 374 1335 1304)
4(373 1334 1335 374)
4(344 375 1336 1305)
4(374 1335 1336 375)
4(345 376 1337 1306)
4(375 1336 1337 376)
4(346 377 1338 1307)
4(376 1337 1338 377)
4(347 378 1339 1308)
4(377 1338 1339 378)
4(348 379 1340 1309)
4(378 1339 1340 379)
4(349 380 1341 1310)
4(379 1340 1341 380)
4(350 381 1342 1311)
4(380 1341 1342 381)
4(351 382 1343 1312)
4(381 1342 1343 382)
4(352 383 1344 1313)
4(382 1343 1344 383)
4(353 384 1345 1314)
4(383 1344 1345 384)
4(354 385 1346 1315)
4(384 1345 1346 385)
4(355 386 1347 1316)
4(385 1346 1347 386)
4(356 387 1348 1317)
4(386 1347 1348 387)
4(357 388 1349 1318)
4(387 1348 1349 388)
4(358 389 1350 1319)
4(388 1349 1350 389)
4(359 390 1351 1320)
4(389 1350 1351 390)
4(360 391 1352 1321)
4(390 1351 1352 391)
4(361 392 1353 1322)
4(391 1352 1353 392)
4(362 393 1354 1323)
4(392 1353 1354 393)
4(363 394 1355 1324)
4(393 1354 1355 394)
4(364 395 1356 1325)
4(394 1355 1356 395)
4(365 396 1357 1326)
4(395 1356 1357 396)
4(366 397 1358 1327)
4(396 1357 1358 397)
4(367 398 1359 1328)
4(397 1358 1359 398)
4(368 399 1360 1329)
4(398 1359 1360 399)
4(369 400 1361 1330)
4(399 1360 1361 400)
4(370 401 1362 1331)
4(400 1361 1362 401)
4(401 1362 1363 402)
4(373 404 1365 1334)
4(403 1364 1365 404)
4(374 405 1366 1335)
4(404 1365 1366 405)
4(375 406 1367 1336)
4(405 1366 1367 406)
4(376 407 1368 1337)
4(406 1367 1368 407)
4(377 408 1369 1338)
4(407 1368 1369 408)
4(378 409 1370 1339)
4(408 1369 1370 409)
4(379 410 1371 1340)
4(409 1370 1371 410)
4(380 411 1372 1341)
4(410 1371 1372 411)
4(381 412 1373 1342)
4(411 1372 1373 412)
4(382 413 1374 1343)
4(412 1373 1374 413)
4(383 414 1375 1344)
4(413 1374 1375 414)
4(384 415 1376 1345)
4(414 1375 1376 415)
4(385 416 1377 1346)
4(415 1376 1377 416)
4(386 417 1378 1347)
4(416 1377 1378 417)
4(387 418 1379 1348)
4(417 1378 1379 418)
4(388 419 1380 1349)
4(418 1379 1380 419)
4(389 420 1381 1350)
4(419 1380 1381 420)
4(390 421 1382 1351)
4(420 1381 1382 421)
4(391 422 1383 1352)
4(421 1382 1383 422)
4(392 423 1384 1353)
4(422 1383 1384 423)
4(393 424 1385 1354)
4(423 1384 1385 424)
4(394 425 1386 1355)
4(424 1385 1386 425)
4(395 426 1387 1356)
4(425 1386 1387 426)
4(396 427 1388 1357)
4(426 1387 1388 427)
4(397 428 1389 1358)
4(427 1388 1389 428)
4(398 429 1390 1359)
4(428 1389 1390 429)
4(399 430 1391 1360)
4(429 1390 1391 430)
4(400 431 1392 1361)
4(430 1391 1392 431)
4(401 432 1393 1362)
4(431 1392 1393 432)
4(432 1393 1394 433)
4(404 435 1396 1365)
4(434 1395 1396 435)
4(405 436 1397 1366)
4(435 1396 1397 436)
4(406 437 1398 1367)
4(436 1397 1398 437)
4(407 438 1399 1368)
4(437 1398 1399 438)
4(408 439 1400 1369)
4(438 1399 1400 439)
4(409 440 1401 1370)
4(439 1400 1401 440)
4(410 441 1402 1371)
4(440 1401 1402 441)
4(411 442 1403 1372)
4(441 1402 1403 442)
4(412 443 1404 1373)
4(442 1403 1404 443)
4(413 444 1405 1374)
4(443 1404 1405 444)
4(414 445 1406 1375)
4(444 1405 1406 445)
4(415 446 1407 1376)
4(445 1406 1407 446)
4(416 447 1408 1377)
4(446 1407 1408 447)
4(417 448 1409 1378)
4(447 1408 1409 448)
4(418 449 1410 1379)
4(448 1409 1410 449)
4(419 450 1411 1380)
4(449 1410 1411 450)
4(420 451 1412 1381)
4(450 1411 1412 451)
4(421 452 1413 1382)
4(451 1412 1413 452)
4(422 453 1414 1383)
4(452 1413 1414 453)
4(423 454 1415 1384)
4(453 1414 1415 454)
4(424 455 1416 1385)
4(454 1415 1416 455)
4(425 456 1417 1386)
4(455 1416 1417 456)
4(426 457 1418 1387)
4(456 1417 1418 457)
4(427 458 1419 1388)
4(457 1418 1419 458)
4(428 459 1420 1389)
4(458 1419 1420 459)
4(429 460 1421 1390)
4(459 1420 1421 460)
4(430 461 1422 1391)
4(460 1421 1422 461)
4(431 462 1423 1392)
4(461 1422 1423 462)
4(432 463 1424 1393)
4(462 1423 1424 463)
4(463 1424 1425 464)
4(435 466 1427 1396)
4(465 1426 1427 466)
4(436 467 1428 1397)
4(466 1427 1428 467)
4(437 468 1429 1398)
4(467 1428 1429 468)
4(438 469 1430 1399)
4(468 1429 1430 469)
4(439 470 1431 1400)
4(469 1430 1431 470)
4(440 471 1432 1401)
4(470 1431 1432 471)
4(441 472 1433 1402)
4(471 1432 1433 472)
4(442 473 1434 1403)
4(472 1433 1434 473)
4(443 474 1435 1404)
4(473 1434 1435 474)
4(444 475 1436 1405)
4(474 1435 1436 475)
4(445 476 1437 1406)
4(475 1436 1437 476)
4(446 477 1438 1407)
4(476 1437 1438 477)
4(447 478 1439 1408)
4(477 1438 1439 478)
4(448 479 1440 1409)
4(478 1439 1440 479)
4(449 480 1441 1410)
4(479 1440 1441 480)
4(450 481 1442 1411)
4(480 1441 1442 481)
4(451 482 1443 1412)
4(481 1442 1443 482)
4(452 483 1444 1413)
4(482 1443 1444 483)
4(453 484 1445 1414)
4(483 1444 1445 484)
4(454 485 1446 1415)
4(484 1445 1446 485)
4(455 486 1447 1416)
4(485 1446 1447 486)
4(456 487 1448 1417)
4(486 1447 1448 487)
4(457 488 1449 1418)
4(487 1448 1449 488)
4(458 489 1450 1419)
4(488 1449 1450 489)
4(459 490 1451 1420)
4(489 1450 1451 490)
4(460 491 1452 1421)
4(490 1451 1452 491)
4(461 492 1453 1422)
4(491 1452 1453 492)
4(462 493 1454 1423)
4(492 1453 1454 493)
4(463 494 1455 1424)
4(493 1454 1455 494)
4(494 1455 1456 495)
4(466 497 1458 1427)
4(496 1457 1458 497)
4(467 498 1459 1428)
4(497 1458 1459 498)
4(468 499 1460 1429)
4(498 1459 1460 499)
4(469 500 1461 1430)
4(499 1460 1461 500)
4(470 501 1462 1431)
4(500 1461 1462 501)
4(471 502 1463 1432)
4(501 1462 1463 502)
4(472 503 1464 1433)
4(502 1463 1464 503)
4(473 504 1465 1434)
4(503 1464 1465 504)
4(474 505 1466 1435)
4(504 1465 1466 505)
4(475 506 1467 1436)
4(505 1466 1467 506)
4(476 507 1468 1437)
4(506 1467 1468 507)
4(477 508 1469 1438)
4(507 1468 1469 508)
4(478 509 1470 1439)
4(508 1469 1470 509)
4(479 510 1471 1440)
4(509 1470 1471 510)
4(480 511 1472 1441)
4(510 1471 1472 511)
4(481 512 1473 1442)
4(511 1472 1473 512)
4(482 513 1474 1443)
4(512 1473 1474 513)
4(483 514 1475 1444)
4(513 1474 1475 514)
4(484 515 1476 1445)
4(514 1475 1476 515)
4(485 516 1477 1446)
4(515 1476 1477 516)
4(486 517 1478 1447)
4(516 1477 1478 517)
4(487 518 1479 1448)
4(517 1478 1479 518)
4(488 519 1480 1449)
4(518 1479 1480 519)
4(489 520 1481 1450)
4(519 1480 1481 520)
4(490 521 1482 1451)
4(520 1481 1482 521)
4(491 522 1483 1452)
4(521 1482 1483 522)
4(492 523 1484 1453)
4(522 1483 1484 523)
4(493 524 1485 1454)
4(523 1484 1485 524)
4(494 525 1486 1455)
4(524 1485 1486 525)
4(525 1486 1487 526)
4(497 528 1489 1458)
4(527 1488 1489 528)
4(498 529 1490 1459)
4(528 1489 1490 529)
4(499 530 1491 1460)
4(529 1490 1491 530)
4(500 531 1492 1461)
4(530 1491 1492 531)
4(501 532 1493 1462)
4(531 1492 1493 532)
4(502 533 1494 1463)
4(532 1493 1494 533)
4(503 534 1495 1464)
4(533 1494 1495 534)
4(504 535 1496 1465)
4(534 1495 1496 535)
4(505 536 1497 1466)
4(535 1496 1497 536)
4(506 537 1498 1467)
4(536 1497 1498 537)
4(507 538 1499 1468)
4(537 1498 1499 538)
4(508 539 1500 1469)
4(538 1499 1500 539)
4(509 540 1501 1470)
4(539 1500 1501 540)
4(510 541 1502 1471)
4(540 1501 1502 541)
4(511 542 1503 1472)
4(541 1502 1503 542)
4(512 543 1504 1473)
4(542 1503 1504 543)
4(513 544 1505 1474)
4(543 1504 1505 544)
4(514 545 1506 1475)
4(544 1505 1506 545)
4(515 546 1507 1476)
4(545 1506 1507 546)
4(516 547 1508 1477)
4(546 1507 1508 547)
4(517 548 1509 1478)
4(547 1508 1509 548)
4(518 549 1510 1479)
4(548 1509 1510 549)
4(519 550 1511 1480)
4(549 1510 1511 550)
4(520 551 1512 1481)
4(550 1511 1512 551)
4(521 552 1513 1482)
4(551 1512 1513 552)
4(522 553 1514 1483)
4(552 1513 1514 553)
4(523 554 1515 1484)
4(553 1514 1515 554)
4(524 555 1516 1485)
4(554 1515 1516 555)
4(525 556 1517 1486)
4(555 1516 1517 556)
4(556 1517 1518 557)
4(528 559 1520 1489)
4(558 1519 1520 559)
4(529 560 1521 1490)
4(559 1520 1521 560)
4(530 561 1522 1491)
4(560 1521 1522 561)
4(531 562 1523 1492)
4(561 1522 1523 562)
4(532 563 1524 1493)
4(562 1523 1524 563)
4(533 564 1525 1494)
4(563 1524 1525 564)
4(534 565 1526 1495)
4(564 1525 1526 565)
4(535 566 1527 1496)
4(565 1526 1527 566)
4(536 567 1528 1497)
4(566 1527 1528 567)
4(537 568 1529 1498)
4(567 1528 1529 568)
4(538 569 1530 1499)
4(568 1529 1530 569)
4(539 570 1531 1500)
4(569 1530 1531 570)
4(540 571 1532 1501)
4(570 1531 1532 571)
4(541 572 1533 1502)
4(571 1532 1533 572)
4(542 573 1534 1503)
4(572 1533 1534 573)
4(543 574 1535 1504)
4(573 1534 1535 574)
4(544 575 1536 1505)
4(574 1535 1536 575)
4(545 576 1537 1506)
4(575 1536 1537 576)
4(546 577 1538 1507)
4(576 1537 1538 577)
4(547 578 1539 1508)
4(577 1538 1539 578)
4(548 579 1540 1509)
4(578 1539 1540 579)
4(549 580 1541 1510)
4(579 1540 1541 580)
4(550 581 1542 1511)
4(580 1541 1542 581)
4(551 582 1543 1512)
4(581 1542 1543 582)
4(552 583 1544 1513)
4(582 1543 1544 583)
4(553 584 1545 1514)
4(583 1544 1545 584)
4(554 585 1546 1515)
4(584 1545 1546 585)
4(555 586 1547 1516)
4(585 1546 1547 586)
4(556 587 1548 1517)
4(586 1547 1548 587)
4(587 1548 1549 588)
4(559 590 1551 1520)
4(589 1550 1551 590)
4(560 591 1552 1521)
4(590 1551 1552 591)
4(561 592 1553 1522)
4(591 1552 1553 592)
4(562 593 1554 1523)
4(592 1553 1554 593)
4(563 594 1555 1524)
4(593 1554 1555 594)
4(564 595 1556 1525)
4(594 1555 1556 595)
4(565 596 1557 1526)
4(595 1556 1557 596)
4(566 597 1558 1527)
4(596 1557 1558 597)
4(567 598 1559 1528)
4(597 1558 1559 598)
4(568 599 1560 1529)
4(598 1559 1560 599)
4(569 600 1561 1530)
4(599 1560 1561 600)
4(570 601 1562 1531)
4(600 1561 1562 601)
4(571 602 1563 1532)
4(601 1562 1563 602)
4(572 603 1564 1533)
4(602 1563 1564 603)
4(573 604 1565 1534)
4(603 1564 1565 604)
4(574 605 1566 1535)
4(604 1565 1566 605)
4(575 606 1567 1536)
4(605 1566 1567 606)
4(576 607 1568 1537)
4(606 1567 1568 607)
4(577 608 1569 1538)
4(607 1568 1569 608)
4(578 609 1570 1539)
4(608 1569 1570 609)
4(579 610 1571 1540)
4(609 1570 1571 610)
4(580 611 1572 1541)
4(610 1571 1572 611)
4(581 612 1573 1542)
4(611 1572 1573 612)
4(582 613 1574 1543)
4(612 1573 1574 613)
4(583 614 1575 1544)
4(613 1574 1575 614)
4(584 615 1576 1545)
4(614 1575 1576 615)
4(585 616 1577 1546)
4(615 1576 1577 616)
4(586 617 1578 1547)
4(616 1577 1578 617)
4(587 618 1579 1548)
4(617 1578 1579 618)
4(618 1579 1580 619)
4(590 621 1582 1551)
4(620 1581 1582 621)
4(591 622 1583 1552)
4(621 1582 1583 622)
4(592 623 1584 1553)
4(622 1583 1584 623)
4(593 624 1585 1554)
4(623 1584 1585 624)
4(594 625 1586 1555)
4(624 1585 1586 625)
4(595 626 1587 1556)
4(625 1586 1587 626)
4(596 627 1588 1557)
4(626 1587 1588 627)
4(597 628 1589 1558)
4(627 1588 1589 628)
4(598 629 1590 1559)
4(628 1589 1590 629)
4(599 630 1591 1560)
4(629 1590 1591 630)
4(600 631 1592 1561)
4(630 1591 1592 631)
4(601 632 1593 1562)
4(631 1592 1593 632)
4(602 633 1594 1563)
4(632 1593 1594 633)
4(603 634 1595 1564)
4(633 1594 1595 634)
4(604 635 1596 1565)
4(634 1595 1596 635)
4(605 636 1597 1566)
4(635 1596 1597 636)
4(606 637 1598 1567)
4(636 1597 1598 637)
4(607 638 1599 1568)
4(637 1598 1599 638)
4(608 639 1600 1569)
4(638 1599 1600 639)
4(609 640 1601 1570)
4(639 1600 1601 640)
4(610 641 1602 1571)
4(640 1601 1602 641)
4(611 642 1603 1572)
4(641 1602 1603 642)
4(612 643 1604 1573)
4(642 1603 1604 643)
4(613 644 1605 1574)
4(643 1604 1605 644)
4(614 645 1606 1575)
4(644 1605 1606 645)
4(615 646 1607 1576)
4(645 1606 1607 646)
4(616 647 1608 1577)
4(646 1607 1608 647)
4(617 648 1609 1578)
4(647 1608 1609 648)
4(618 649 1610 1579)
4(648 1609 1610 649)
4(649 1610 1611 650)
4(621 652 1613 1582)
4(651 1612 1613 652)
4(622 653 1614 1583)
4(652 1613 1614 653)
4(623 654 1615 1584)
4(653 1614 1615 654)
4(624 655 1616 1585)
4(654 1615 1616 655)
4(625 656 1617 1586)
4(655 1616 1617 656)
4(626 657 1618 1587)
4(656 1617 1618 657)
4(627 658 1619 1588)
4(657 1618 1619 658)
4(628 659 1620 1589)
4(658 1619 1620 659)
4(629 660 1621 1590)
4(659 1620 1621 660)
4(630 661 1622 1591)
4(660 1621 1622 661)
4(631 662 1623 1592)
4(661 1622 1623 662)
4(632 663 1624 1593)
4(662 1623 1624 663)
4(633 664 1625 1594)
4(663 1624 1625 664)
4(634 665 1626 1595)
4(664 1625 1626 665)
4(635 666 1627 1596)
4(665 1626 1627 666)
4(636 667 1628 1597)
4(666 1627 1628 667)
4(637 668 1629 1598)
4(667 1628 1629 668)
4(638 669 1630 1599)
4(668 1629 1630 669)
4(639 670 1631 1600)
4(669 1630 1631 670)
4(640 671 1632 1601)
4(670 1631 1632 671)
4(641 672 1633 1602)
4(671 1632 1633 672)
4(642 673 1634 1603)
4(672 1633 1634 673)
4(643 674 1635 1604)
4(673 1634 1635 674)
4(644 675 1636 1605)
4(674 1635 1636 675)
4(645 676 1637 1606)
4(675 1636 1637 676)
4(646 677 1638 1607)
4(676 1637 1638 677)
4(647 678 1639 1608)
4(677 1638 1639 678)
4(648 679 1640 1609)
4(678 1639 1640 679)
4(649 680 1641 1610)
4(679 1640 1641 680)
4(680 1641 1642 681)
4(652 683 1644 1613)
4(682 1643 1644 683)
4(653 684 1645 1614)
4(683 1644 1645 684)
4(654 685 1646 1615)
4(684 1645 1646 685)
4(655 686 1647 1616)
4(685 1646 1647 686)
4(656 687 1648 1617)
4(686 1647 1648 687)
4(657 688 1649 1618)
4(687 1648 1649 688)
4(658 689 1650 1619)
4(688 1649 1650 689)
4(659 690 1651 1620)
4(689 1650 1651 690)
4(660 691 1652 1621)
4(690 1651 1652 691)
4(661 692 1653 1622)
4(691 1652 1653 692)
4(662 693 1654 1623)
4(692 1653 1654 693)
4(663 694 1655 1624)
4(693 1654 1655 694)
4(664 695 1656 1625)
4(694 1655 1656 695)
4(665 696 1657 1626)
4(695 1656 1657 696)
4(666 697 1658 1627)
4(696 1657 1658 697)
4(667 698 1659 1628)
4(697 1658 1659 698)
4(668 699 1660 1629)
4(698 1659 1660 699)
4(669 700 1661 1630)
4(699 1660 1661 700)
4(670 701 1662 1631)
4(700 1661 1662 701)
4(671 702 1663 1632)
4(701 1662 1663 702)
4(672 703 1664 1633)
4(702 1663 1664 703)
4(673 704 1665 1634)
4(703 1664 1665 704)
4(674 705 1666 1635)
4(704 1665 1666 705)
4(675 706 1667 1636)
4(705 1666 1667 706)
4(676 707 1668 1637)
4(706 1667 1668 707)
4(677 708 1669 1638)
4(707 1668 1669 708)
4(678 709 1670 1639)
4(708 1669 1670 709)
4(679 710 1671 1640)
4(709 1670 1671 710)
4(680 711 1672 1641)
4(710 1671 1672 711)
4(711 1672 1673 712)
4(683 714 1675 1644)
4(713 1674 1675 714)
4(684 715 1676 1645)
4(714 1675 1676 715)
4(685 716 1677 1646)
4(715 1676 1677 716)
4(686 717 1678 1647)
4(716 1677 1678 717)
4(687 718 1679 1648)
4(717 1678 1679 718)
4(688 719 1680 1649)
4(718 1679 1680 719)
4(689 720 1681 1650)
4(719 1680 1681 720)
4(690 721 1682 1651)
4(720 1681 1682 721)
4(691 722 1683 1652)
4(721 1682 1683 722)
4(692 723 1684 1653)
4(722 1683 1684 723)
4(693 724 1685 1654)
4(723 1684 1685 724)
4(694 725 1686 1655)
4(724 1685 1686 725)
4(695 726 1687 1656)
4(725 1686 1687 726)
4(696 727 1688 1657)
4(726 1687 1688 727)
4(697 728 1689 1658)
4(727 1688 1689 728)
4(698 729 1690 1659)
4(728 1689 1690 729)
4(699 730 1691 1660)
4(729 1690 1691 730)
4(700 731 1692 1661)
4(730 1691 1692 731)
4(701 732 1693 1662)
4(731 1692 1693 732)
4(702 733 1694 1663)
4(732 1693 1694 733)
4(703 734 1695 1664)
4(733 1694 1695 734)
4(704 735 1696 1665)
4(734 1695 1696 735)
4(705 736 1697 1666)
4(735 1696 1697 736)
4(706 737 1698 1667)
4(736 1697 1698 737)
4(707 738 1699 1668)
4(737 1698 1699 738)
4(708 739 1700 1669)
4(738 1699 1700 739)
4(709 740 1701 1670)
4(739 1700 1701 740)
4(710 741 1702 1671)
4(740 1701 1702 741)
4(711 742 1703 1672)
4(741 1702 1703 742)
4(742 1703 1704 743)
4(714 745 1706 1675)
4(744 1705 1706 745)
4(715 746 1707 1676)
4(745 1706 1707 746)
4(716 747 1708 1677)
4(746 1707 1708 747)
4(717 748 1709 1678)
4(747 1708 1709 748)
4(718 749 1710 1679)
4(748 1709 1710 749)
4(719 750 1711 1680)
4(749 1710 1711 750)
4(720 751 1712 1681)
4(750 1711 1712 751)
4(721 752 1713 1682)
4(751 1712 1713 752)
4(722 753 1714 1683)
4(752 1713 1714 753)
4(723 754 1715 1684)
4(753 1714 1715 754)
4(724 755 1716 1685)
4(754 1715 1716 755)
4(725 756 1717 1686)
4(755 1716 1717 756)
4(726 757 1718 1687)
4(756 1717 1718 757)
4(727 758 1719 1688)
4(757 1718 1719 758)
4(728 759 1720 1689)
4(758 1719 1720 759)
4(729 760 1721 1690)
4(759 1720 1721 760)
4(730 761 1722 1691)
4(760 1721 1722 761)
4(731 762 1723 1692)
4(761 1722 1723 762)
4(732 763 1724 1693)
4(762 1723 1724 763)
4(733 764 1725 1694)
4(763 1724 1725 764)
4(734 765 1726 1695)
4(764 1725 1726 765)
4(735 766 1727 1696)
4(765 1726 1727 766)
4(736 767 1728 1697)
4(766 1727 1728 767)
4(737 768 1729 1698)
4(767 1728 1729 768)
4(738 769 1730 1699)
4(768 1729 1730 769)
4(739 770 1731 1700)
4(769 1730 1731 770)
4(740 771 1732 1701)
4(770 1731 1732 771)
4(741 772 1733 1702)
4(771 1732 1733 772)
4(742 773 1734 1703)
4(772 1733 1734 773)
4(773 1734 1735 774)
4(745 776 1737 1706)
4(775 1736 1737 776)
4(746 777 1738 1707)
4(776 1737 1738 777)
4(747 778 1739 1708)
4(777 1738 1739 778)
4(748 779 1740 1709)
4(778 1739 1740 779)
4(749 780 1741 1710)
4(779 1740 1741 780)
4(750 781 1742 1711)
4(780 1741 1742 781)
4(751 782 1743 1712)
4(781 1742 1743 782)
4(752 783 1744 1713)
4(782 1743 1744 783)
4(753 784 1745 1714)
4(783 1744 1745 784)
4(754 785 1746 1715)
4(784 1745 1746 785)
4(755 786 1747 1716)
4(785 1746 1747 786)
4(756 787 1748 1717)
4(786 1747 1748 787)
4(757 788 1749 1718)
4(787 1748 1749 788)
4(758 789 1750 1719)
4(788 1749 1750 789)
4(759 790 1751 1720)
4(789 1750 1751 790)
4(760 791 1752 1721)
4(790 1751 1752 791)
4(761 792 1753 1722)
4(791 1752 1753 792)
4(762 793 1754 1723)
4(792 1753 1754 793)
4(763 794 1755 1724)
4(793 1754 1755 794)
4(764 795 1756 1725)
4(794 1755 1756 795)
4(765 796 1757 1726)
4(795 1756 1757 796)
4(766 797 1758 1727)
4(796 1757 1758 797)
4(767 798 1759 1728)
4(797 1758 1759 798)
4(768 799 1760 1729)
4(798 1759 1760 799)
4(769 800 1761 1730)
4(799 1760 1761 800)
4(770 801 1762 1731)
4(800 1761 1762 801)
4(771 802 1763 1732)
4(801 1762 1763 802)
4(772 803 1764 1733)
4(802 1763 1764 803)
4(773 804 1765 1734)
4(803 1764 1765 804)
4(804 1765 1766 805)
4(776 807 1768 1737)
4(806 1767 1768 807)
4(777 808 1769 1738)
4(807 1768 1769 808)
4(778 809 1770 1739)
4(808 1769 1770 809)
4(779 810 1771 1740)
4(809 1770 1771 810)
4(780 811 1772 1741)
4(810 1771 1772 811)
4(781 812 1773 1742)
4(811 1772 1773 812)
4(782 813 1774 1743)
4(812 1773 1774 813)
4(783 814 1775 1744)
4(813 1774 1775 814)
4(784 815 1776 1745)
4(814 1775 1776 815)
4(785 816 1777 1746)
4(815 1776 1777 816)
4(786 817 1778 1747)
4(816 1777 1778 817)
4(787 818 1779 1748)
4(817 1778 1779 818)
4(788 819 1780 1749)
4(818 1779 1780 819)
4(789 820 1781 1750)
4(819 1780 1781 820)
4(790 821 1782 1751)
4(820 1781 1782 821)
4(791 822 1783 1752)
4(821 1782 1783 822)
4(792 823 1784 1753)
4(822 1783 1784 823)
4(793 824 1785 1754)
4(823 1784 1785 824)
4(794 825 1786 1755)
4(824 1785 1786 825)
4(795 826 1787 1756)
4(825 1786 1787 826)
4(796 827 1788 1757)
4(826 1787 1788 827)
4(797 828 1789 1758)
4(827 1788 1789 828)
4(798 829 1790 1759)
4(828 1789 1790 829)
4(799 830 1791 1760)
4(829 1790 1791 830)
4(800 831 1792 1761)
4(830 1791 1792 831)
4(801 832 1793 1762)
4(831 1792 1793 832)
4(802 833 1794 1763)
4(832 1793 1794 833)
4(803 834 1795 1764)
4(833 1794 1795 834)
4(804 835 1796 1765)
4(834 1795 1796 835)
4(835 1796 1797 836)
4(807 838 1799 1768)
4(837 1798 1799 838)
4(808 839 1800 1769)
4(838 1799 1800 839)
4(809 840 1801 1770)
4(839 1800 1801 840)
4(810 841 1802 1771)
4(840 1801 1802 841)
4(811 842 1803 1772)
4(841 1802 1803 842)
4(812 843 1804 1773)
4(842 1803 1804 843)
4(813 844 1805 1774)
4(843 1804 1805 844)
4(814 845 1806 1775)
4(844 1805 1806 845)
4(815 846 1807 1776)
4(845 1806 1807 846)
4(816 847 1808 1777)
4(846 1807 1808 847)
4(817 848 1809 1778)
4(847 1808 1809 848)
4(818 849 1810 1779)
4(848 1809 1810 849)
4(819 850 1811 1780)
4(849 1810 1811 850)
4(820 851 1812 1781)
4(850 1811 1812 851)
4(821 852 1813 1782)
4(851 1812 1813 852)
4(822 853 1814 1783)
4(852 1813 1814 853)
4(823 854 1815 1784)
4(853 1814 1815 854)
4(824 855 1816 1785)
4(854 1815 1816 855)
4(825 856 1817 1786)
4(855 1816 1817 856)
4(826 857 1818 1787)
4(856 1817 1818 857)
4(827 858 1819 1788)
4(857 1818 1819 858)
4(828 859 1820 1789)
4(858 1819 1820 859)
4(829 860 1821 1790)
4(859 1820 1821 860)
4(830 861 1822 1791)
4(860 1821 1822 861)
4(831 862 1823 1792)
4(861 1822 1823 862)
4(832 863 1824 1793)
4(862 1823 1824 863)
4(833 864 1825 1794)
4(863 1824 1825 864)
4(834 865 1826 1795)
4(864 1825 1826 865)
4(835 866 1827 1796)
4(865 1826 1827 866)
4(866 1827 1828 867)
4(838 869 1830 1799)
4(868 1829 1830 869)
4(839 870 1831 1800)
4(869 1830 1831 870)
4(840 871 1832 1801)
4(870 1831 1832 871)
4(841 872 1833 1802)
4(871 1832 1833 872)
4(842 873 1834 1803)
4(872 1833 1834 873)
4(843 874 1835 1804)
4(873 1834 1835 874)
4(844 875 1836 1805)
4(874 1835 1836 875)
4(845 876 1837 1806)
4(875 1836 1837 876)
4(846 877 1838 1807)
4(876 1837 1838 877)
4(847 878 1839 1808)
4(877 1838 1839 878)
4(848 879 1840 1809)
4(878 1839 1840 879)
4(849 880 1841 1810)
4(879 1840 1841 880)
4(850 881 1842 1811)
4(880 1841 1842 881)
4(851 882 1843 1812)
4(881 1842 1843 882)
4(852 883 1844 1813)
4(882 1843 1844 883)
4(853 884 1845 1814)
4(883 1844 1845 884)
4(854 885 1846 1815)
4(884 1845 1846 885)
4(855 886 1847 1816)
4(885 1846 1847 886)
4(856 887 1848 1817)
4(886 1847 1848 887)
4(857 888 1849 1818)
4(887 1848 1849 888)
4(858 889 1850 1819)
4(888 1849 1850 889)
4(859 890 1851 1820)
4(889 1850 1851 890)
4(860 891 1852 1821)
4(890 1851 1852 891)
4(861 892 1853 1822)
4(891 1852 1853 892)
4(862 893 1854 1823)
4(892 1853 1854 893)
4(863 894 1855 1824)
4(893 1854 1855 894)
4(864 895 1856 1825)
4(894 1855 1856 895)
4(865 896 1857 1826)
4(895 1856 1857 896)
4(866 897 1858 1827)
4(896 1857 1858 897)
4(897 1858 1859 898)
4(869 900 1861 1830)
4(899 1860 1861 900)
4(870 901 1862 1831)
4(900 1861 1862 901)
4(871 902 1863 1832)
4(901 1862 1863 902)
4(872 903 1864 1833)
4(902 1863 1864 903)
4(873 904 1865 1834)
4(903 1864 1865 904)
4(874 905 1866 1835)
4(904 1865 1866 905)
4(875 906 1867 1836)
4(905 1866 1867 906)
4(876 907 1868 1837)
4(906 1867 1868 907)
4(877 908 1869 1838)
4(907 1868 1869 908)
4(878 909 1870 1839)
4(908 1869 1870 909)
4(879 910 1871 1840)
4(909 1870 1871 910)
4(880 911 1872 1841)
4(910 1871 1872 911)
4(881 912 1873 1842)
4(911 1872 1873 912)
4(882 913 1874 1843)
4(912 1873 1874 913)
4(883 914 1875 1844)
4(913 1874 1875 914)
4(884 915 1876 1845)
4(914 1875 1876 915)
4(885 916 1877 1846)
4(915 1876 1877 916)
4(886 917 1878 1847)
4(916 1877 1878 917)
4(887 918 1879 1848)
4(917 1878 1879 918)
4(888 919 1880 1849)
4(918 1879 1880 919)
4(889 920 1881 1850)
4(919 1880 1881 920)
4(890 921 1882 1851)
4(920 1881 1882 921)
4(891 922 1883 1852)
4(921 1882 1883 922)
4(892 923 1884 1853)
4(922 1883 1884 923)
4(893 924 1885 1854)
4(923 1884 1885 924)
4(894 925 1886 1855)
4(924 1885 1886 925)
4(895 926 1887 1856)
4(925 1886 1887 926)
4(896 927 1888 1857)
4(926 1887 1888 927)
4(897 928 1889 1858)
4(927 1888 1889 928)
4(928 1889 1890 929)
4(900 931 1892 1861)
4(901 932 1893 1862)
4(902 933 1894 1863)
4(903 934 1895 1864)
4(904 935 1896 1865)
4(905 936 1897 1866)
4(906 937 1898 1867)
4(907 938 1899 1868)
4(908 939 1900 1869)
4(909 940 1901 1870)
4(910 941 1902 1871)
4(911 942 1903 1872)
4(912 943 1904 1873)
4(913 944 1905 1874)
4(914 945 1906 1875)
4(915 946 1907 1876)
4(916 947 1908 1877)
4(917 948 1909 1878)
4(918 949 1910 1879)
4(919 950 1911 1880)
4(920 951 1912 1881)
4(921 952 1913 1882)
4(922 953 1914 1883)
4(923 954 1915 1884)
4(924 955 1916 1885)
4(925 956 1917 1886)
4(926 957 1918 1887)
4(927 958 1919 1888)
4(928 959 1920 1889)
4(0 31 32 1)
4(31 62 63 32)
4(62 93 94 63)
4(93 124 125 94)
4(124 155 156 125)
4(155 186 187 156)
4(186 217 218 187)
4(217 248 249 218)
4(248 279 280 249)
4(279 310 311 280)
4(310 341 342 311)
4(341 372 373 342)
4(372 403 404 373)
4(403 434 435 404)
4(434 465 466 435)
4(465 496 497 466)
4(496 527 528 497)
4(527 558 559 528)
4(558 589 590 559)
4(589 620 621 590)
4(620 651 652 621)
4(651 682 683 652)
4(682 713 714 683)
4(713 744 745 714)
4(744 775 776 745)
4(775 806 807 776)
4(806 837 838 807)
4(837 868 869 838)
4(868 899 900 869)
4(899 930 931 900)
4(1 32 33 2)
4(32 63 64 33)
4(63 94 95 64)
4(94 125 126 95)
4(125 156 157 126)
4(156 187 188 157)
4(187 218 219 188)
4(218 249 250 219)
4(249 280 281 250)
4(280 311 312 281)
4(311 342 343 312)
4(342 373 374 343)
4(373 404 405 374)
4(404 435 436 405)
4(435 466 467 436)
4(466 497 498 467)
4(497 528 529 498)
4(528 559 560 529)
4(559 590 591 560)
4(590 621 622 591)
4(621 652 653 622)
4(652 683 684 653)
4(683 714 715 684)
4(714 745 746 715)
4(745 776 777 746)
4(776 807 808 777)
4(807 838 839 808)
4(838 869 870 839)
4(869 900 901 870)
4(900 931 932 901)
4(2 33 34 3)
4(33 64 65 34)
4(64 95 96 65)
4(95 126 127 96)
4(126 157 158 127)
4(157 188 189 158)
4(188 219 220 189)
4(219 250 251 220)
4(250 281 282 251)
4(281 312 313 282)
4(312 343 344 313)
4(343 374 375 344)
4(374 405 406 375)
4(405 436 437 406)
4(436 467 468 437)
4(467 498 499 468)
4(498 529 530 499)
4(529 560 561 530)
4(560 591 592 561)
4(591 622 623 592)
4(622 653 654 623)
4(653 684 685 654)
4(684 715 716 685)
4(715 746 747 716)
4(746 777 778 747)
4(777 808 809 778)
4(808 839 840 809)
4(839 870 871 840)
4(870 901 902 871)
4(901 932 933 902)
4(3 34 35 4)
4(34 65 66 35)
4(65 96 97 66)
4(96 127 128 97)
4(127 158 159 128)
4(158 189 190 159)
4(189 220 221 190)
4(220 251 252 221)
4(251 282 283 252)
4(282 313 314 283)
4(313 344 345 314)
4(344 375 376 345)
4(375 406 407 376)
4(406 437 438 407)
4(437 468 469 438)
4(468 499 500 469)
4(499 530 531 500)
4(530 561 562 531)
4(561 592 593 562)
4(592 623 624 593)
4(623 654 655 624)
4(654 685 686 655)
4(685 716 717 686)
4(716 747 748 717)
4(747 778 779 748)
4(778 809 810 779)
4(809 840 841 810)
4(840 871 872 841)
4(871 902 903 872)
4(902 933 934 903)
4(4 35 36 5)
4(35 66 67 36)
4(66 97 98 67)
4(97 128 129 98)
4(128 159 160 129)
4(159 190 191 160)
4(190 221 222 191)
4(221 252 253 222)
4(252 283 284 253)
4(283 314 315 284)
4(314 345 346 315)
4(345 376 377 346)
4(376 407 408 377)
4(407 438 439 408)
4(438 469 470 439)
4(469 500 501 470)
4(500 531 532 501)
4(531 562 563 532)
4(562 593 594 563)
4(593 624 625 594)
4(624 655 656 625)
4(655 686 687 656)
4(686 717 718 687)
4(717 748 749 718)
4(748 779 780 749)
4(779 810 811 780)
4(810 841 842 811)
4(841 872 873 842)
4(872 903 904 873)
4(903 934 935 904)
4(5 36 37 6)
4(36 67 68 37)
4(67 98 99 68)
4(98 129 130 99)
4(129 160 161 130)
4(160 191 192 161)
4(191 222 223 192)
4(222 253 254 223)
4(253 284 285 254)
4(284 315 316 285)
4(315 346 347 316)
4(346 377 378 347)
4(377 408 409 378)
4(408 439 440 409)
4(439 470 471 440)
4(470 501 502 471)
4(501 532 533 502)
4(532 563 564 533)
4(563 594 595 564)
4(594 625 626 595)
4(625 656 657 626)
4(656 687 688 657)
4(687 718 719 688)
4(718 749 750 719)
4(749 780 781 750)
4(780 811 812 781)
4(811 842 843 812)
4(842 873 874 843)
4(873 904 905 874)
4(904 935 936 905)
4(6 37 38 7)
4(37 68 69 38)
4(68 99 100 69)
4(99 130 131 100)
4(130 161 162 131)
4(161 192 193 162)
4(192 223 224 193)
4(223 254 255 224)
4(254 285 286 255)
4(285 316 317 286)
4(316 347 348 317)
4(347 378 379 348)
4(378 409 410 379)
4(409 440 441 410)
4(440 471 472 441)
4(471 502 503 472)
4(502 533 534 503)
4(533 564 565 534)
4(564 595 596 565)
4(595 626 627 596)
4(626 657 658 627)
4(657 688 689 658)
4(688 719 720 689)
4(719 750 751 720)
4(750 781 782 751)
4(781 812 813 782)
4(812 843 844 813)
4(843 874 875 844)
4(874 905 906 875)
4(905 936 937 906)
4(7 38 39 8)
4(38 69 70 39)
4(69 100 101 70)
4(100 131 132 101)
4(131 162 163 132)
4(162 193 194 163)
4(193 224 225 194)
4(224 255 256 225)
4(255 286 287 256)
4(286 317 318 287)
4(317 348 349 318)
4(348 379 380 349)
4(379 410 411 380)
4(410 441 442 411)
4(441 472 473 442)
4(472 503 504 473)
4(503 534 535 504)
4(534 565 566 535)
4(565 596 597 566)
4(596 627 628 597)
4(627 658 659 628)
4(658 689 690 659)
4(689 720 721 690)
4(720 751 752 721)
4(751 782 783 752)
4(782 813 814 783)
4(813 844 845 814)
4(844 875 876 845)
4(875 906 907 876)
4(906 937 938 907)
4(8 39 40 9)
4(39 70 71 40)
4(70 101 102 71)
4(101 132 133 102)
4(132 163 164 133)
4(163 194 195 164)
4(194 225 226 195)
4(225 256 257 226)
4(256 287 288 257)
4(287 318 319 288)
4(318 349 350 319)
4(349 380 381 350)
4(380 411 412 381)
4(411 442 443 412)
4(442 473 474 443)
4(473 504 505 474)
4(504 535 536 505)
4(535 566 567 536)
4(566 597 598 567)
4(597 628 629 598)
4(628 659 660 629)
4(659 690 691 660)
4(690 721 722 691)
4(721 752 753 722)
4(752 783 784 753)
4(783 814 815 784)
4(814 845 846 815)
4(845 876 877 846)
4(876 907 908 877)
4(907 938 939 908)
4(9 40 41 10)
4(40 71 72 41)
4(71 102 103 72)
4(102 133 134 103)
4(133 164 165 134)
4(164 195 196 165)
4(195 226 227 196)
4(226 257 258 227)
4(257 288 289 258)
4(288 319 320 289)
4(319 350 351 320)
4(350 381 382 351)
4(381 412 413 382)
4(412 443 444 413)
4(443 474 475 444)
4(474 505 506 475)
4(505 536 537 506)
4(536 567 568 537)
4(567 598 599 568)
4(598 629 630 599)
4(629 660 661 630)
4(660 691 692 661)
4(691 722 723 692)
4(722 753 754 723)
4(753 784 785 754)
4(784 815 816 785)
4(815 846 847 816)
4(846 877 878 847)
4(877 908 909 878)
4(908 939 940 909)
4(10 41 42 11)
4(41 72 73 42)
4(72 103 104 73)
4(103 134 135 104)
4(134 165 166 135)
4(165 196 197 166)
4(196 227 228 197)
4(227 258 259 228)
4(258 289 290 259)
4(289 320 321 290)
4(320 351 352 321)
4(351 382 383 352)
4(382 413 414 383)
4(413 444 445 414)
4(444 475 476 445)
4(475 506 507 476)
4(506 537 538 507)
4(537 568 569 538)
4(568 599 600 569)
4(599 630 631 600)
4(630 661 662 631)
4(661 692 693 662)
4(692 723 724 693)
4(723 754 755 724)
4(754 785 786 755)
4(785 816 817 786)
4(816 847 848 817)
4(847 878 879 848)
4(878 909 910 879)
4(909 940 941 910)
4(11 42 43 12)
4(42 73 74 43)
4(73 104 105 74)
4(104 135 136 105)
4(135 166 167 136)
4(166 197 198 167)
4(197 228 229 198)
4(228 259 260 229)
4(259 290 291 260)
4(290 321 322 291)
4(321 352 353 322)
4(352 383 384 353)
4(383 414 415 384)
4(414 445 446 415)
4(445 476 477 446)
4(476 507 508 477)
4(507 538 539 508)
4(538 569 570 539)
4(569 600 601 570)
4(600 631 632 601)
4(631 662 663 632)
4(662 693 694 663)
4(693 724 725 694)
4(724 755 756 725)
4(755 786 787 756)
4(786 817 818 787)
4(817 848 849 818)
4(848 879 880 849)
4(879 910 911 880)
4(910 941 942 911)
4(12 43 44 13)
4(43 74 75 44)
4(74 105 106 75)
4(105 136 137 106)
4(136 167 168 137)
4(167 198 199 168)
4(198 229 230 199)
4(229 260 261 230)
4(260 291 292 261)
4(291 322 323 292)
4(322 353 354 323)
4(353 384 385 354)
4(384 415 416 385)
4(415 446 447 416)
4(446 477 478 447)
4(477 508 509 478)
4(508 539 540 509)
4(539 570 571 540)
4(570 601 602 571)
4(601 632 633 602)
4(632 663 664 633)
4(663 694 695 664)
4(694 725 726 695)
4(725 756 757 726)
4(756 787 788 757)
4(787 818 819 788)
4(818 849 850 819)
4(849 880 881 850)
4(880 911 912 881)
4(911 942 943 912)
4(13 44 45 14)
4(44 75 76 45)
4(75 106 107 76)
4(106 137 138 107)
4(137 168 169 138)
4(168 199 200 169)
4(199 230 231 200)
4(230 261 262 231)
4(261 292 293 262)
4(292 323 324 293)
4(323 354 355 324)
4(354 385 386 355)
4(385 416 417 386)
4(416 447 448 417)
4(447 478 479 448)
4(478 509 510 479)
4(509 540 541 510)
4(540 571 572 541)
4(571 602 603 572)
4(602 633 634 603)
4(633 664 665 634)
4(664 695 696 665)
4(695 726 727 696)
4(726 757 758 727)
4(757 788 789 758)
4(788 819 820 789)
4(819 850 851 820)
4(850 881 882 851)
4(881 912 913 882)
4(912 943 944 913)
4(14 45 46 15)
4(45 76 77 46)
4(76 107 108 77)
4(107 138 139 108)
4(138 169 170 139)
4(169 200 201 170)
4(200 231 232 201)
4(231 262 263 232)
4(262 293 294 263)
4(293 324 325 294)
4(324 355 356 325)
4(355 386 387 356)
4(386 417 418 387)
4(417 448 449 418)
4(448 479 480 449)
4(479 510 511 480)
4(510 541 542 511)
4(541 572 573 542)
4(572 603 604 573)
4(603 634 635 604)
4(634 665 666 635)
4(665 696 697 666)
4(696 727 728 697)
4(727 758 759 728)
4(758 789 790 759)
4(789 820 821 790)
4(820 851 852 821)
4(851 882 883 852)
4(882 913 914 883)
4(913 944 945 914)
4(15 46 47 16)
4(46 77 78 47)
4(77 108 109 78)
4(108 139 140 109)
4(139 170 171 140)
4(170 201 202 171)
4(201 232 233 202)
4(232 263 264 233)
4(263 294 295 264)
4(294 325 326 295)
4(325 356 357 326)
4(356 387 388 357)
4(387 418 419 388)
4(418 449 450 419)
4(449 480 481 450)
4(480 511 512 481)
4(511 542 543 512)
4(542 573 574 543)
4(573 604 605 574)
4(604 635 636 605)
4(635 666 667 636)
4(666 697 698 667)
4(697 728 729 698)
4(728 759 760 729)
4(759 790 791 760)
4(790 821 822 791)
4(821 852 853 822)
4(852 883 884 853)
4(883 914 915 884)
4(914 945 946 915)
4(16 47 48 17)
4(47 78 79 48)
4(78 109 110 79)
4(109 140 141 110)
4(140 171 172 141)
4(171 202 203 172)
4(202 233 234 203)
4(233 264 265 234)
4(264 295 296 265)
4(295 326 327 296)
4(326 357 358 327)
4(357 388 389 358)
4(388 419 420 389)
4(419 450 451 420)
4(450 481 482 451)
4(481 512 513 482)
4(512 543 544 513)
4(543 574 575 544)
4(574 605 606 575)
4(605 636 637 606)
4(636 667 668 637)
4(667 698 699 668)
4(698 729 730 699)
4(729 760 761 730)
4(760 791 792 761)
4(791 822 823 792)
4(822 853 854 823)
4(853 884 885 854)
4(884 915 916 885)
4(915 946 947 916)
4(17 48 49 18)
4(48 79 80 49)
4(79 110 111 80)
4(110 141 142 111)
4(141 172 173 142)
4(172 203 204 173)
4(203 234 235 204)
4(234 265 266 235)
4(265 296 297 266)
4(296 327 328 297)
4(327 358 359 328)
4(358 389 390 359)
4(389 420 421 390)
4(420 451 452 421)
4(451 482 483 452)
4(482 513 514 483)
4(513 544 545 514)
4(544 575 576 545)
4(575 606 607 576)
4(606 637 638 607)
4(637 668 669 638)
4(668 699 700 669)
4(699 730 731 700)
4(730 761 762 731)
4(761 792 793 762)
4(792 823 824 793)
4(823 854 855 824)
4(854 885 886 855)
4(885 916 917 886)
4(916 947 948 917)
4(18 49 50 19)
4(49 80 81 50)
4(80 111 112 81)
4(111 142 143 112)
4(142 173 174 143)
4(173 204 205 174)
4(204 235 236 205)
4(235 266 267 236)
4(266 297 298 267)
4(297 328 329 298)
4(328 359 360 329)
4(359 390 391 360)
4(390 421 422 391)
4(421 452 453 422)
4(452 483 484 453)
4(483 514 515 484)
4(514 545 546 515)
4(545 576 577 546)
4(576 607 608 577)
4(607 638 639 608)
4(638 669 670 639)
4(669 700 701 670)
4(700 731 732 701)
4(731 762 763 732)
4(762 793 794 763)
4(793 824 825 794)
4(824 855 856 825)
4(855 886 887 856)
4(886 917 918 887)
4(917 948 949 918)
4(19 50 51 20)
4(50 81 82 51)
4(81 112 113 82)
4(112 143 144 113)
4(143 174 175 144)
4(174 205 206 175)
4(205 236 237 206)
4(236 267 268 237)
4(267 298 299 268)
4(298 329 330 299)
4(329 360 361 330)
4(360 391 392 361)
4(391 422 423 392)
4(422 453 454 423)
4(453 484 485 454)
4(484 515 516 485)
4(515 546 547 516)
4(546 577 578 547)
4(577 608 609 578)
4(608 639 640 609)
4(639 670 671 640)
4(670 701 702 671)
4(701 732 733 702)
4(732 763 764 733)
4(763 794 795 764)
4(794 825 826 795)
4(825 856 857 826)
4(856 887 888 857)
4(887 918 919 888)
4(918 949 950 919)
4(20 51 52 21)
4(51 82 83 52)
4(82 113 114 83)
4(113 144 145 114)
4(144 175 176 145)
4(175 206 207 176)
4(206 237 238 207)
4(237 268 269 238)
4(268 299 300 269)
4(299 330 331 300)
4(330 361 362 331)
4(361 392 393 362)
4(392 423 424 393)
4(423 454 455 424)
4(454 485 486 455)
4(485 516 517 486)
4(516 547 548 517)
4(547 578 579 548)
4(578 609 610 579)
4(609 640 641 610)
4(640 671 672 641)
4(671 702 703 672)
4(702 733 734 703)
4(733 764 765 734)
4(764 795 796 765)
4(795 826 827 796)
4(826 857 858 827)
4(857 888 889 858)
4(888 919 920 889)
4(919 950 951 920)
4(21 52 53 22)
4(52 83 84 53)
4(83 114 115 84)
4(114 145 146 115)
4(145 176 177 146)
4(176 207 208 177)
4(207 238 239 208)
4(238 269 270 239)
4(269 300 301 270)
4(300 331 332 301)
4(331 362 363 332)
4(362 393 394 363)
4(393 424 425 394)
4(424 455 456 425)
4(455 486 487 456)
4(486 517 518 487)
4(517 548 549 518)
4(548 579 580 549)
4(579 610 611 580)
4(610 641 642 611)
4(641 672 673 642)
4(672 703 704 673)
4(703 734 735 704)
4(734 765 766 735)
4(765 796 797 766)
4(796 827 828 797)
4(827 858 859 828)
4(858 889 890 859)
4(889 920 921 890)
4(920 951 952 921)
4(22 53 54 23)
4(53 84 85 54)
4(84 115 116 85)
4(115 146 147 116)
4(146 177 178 147)
4(177 208 209 178)
4(208 239 240 209)
4(239 270 271 240)
4(270 301 302 271)
4(301 332 333 302)
4(332 363 364 333)
4(363 394 395 364)
4(394 425 426 395)
4(425 456 457 426)
4(456 487 488 457)
4(487 518 519 488)
4(518 549 550 519)
4(549 580 581 550)
4(580 611 612 581)
4(611 642 643 612)
4(642 673 674 643)
4(673 704 705 674)
4(704 735 736 705)
4(735 766 767 736)
4(766 797 798 767)
4(797 828 829 798)
4(828 859 860 829)
4(859 890 891 860)
4(890 921 922 891)
4(921 952 953 922)
4(23 54 55 24)
4(54 85 86 55)
4(85 116 117 86)
4(116 147 148 117)
4(147 178 179 148)
4(178 209 210 179)
4(209 240 241 210)
4(240 271 272 241)
4(271 302 303 272)
4(302 333 334 303)
4(333 364 365 334)
4(364 395 396 365)
4(395 426 427 396)
4(426 457 458 427)
4(457 488 489 458)
4(488 519 520 489)
4(519 550 551 520)
4(550 581 582 551)
4(581 612 613 582)
4(612 643 644 613)
4(643 674 675 644)
4(674 705 706 675)
4(705 736 737 706)
4(736 767 768 737)
4(767 798 799 768)
4(798 829 830 799)
4(829 860 861 830)
4(860 891 892 861)
4(891 922 923 892)
4(922 953 954 923)
4(24 55 56 25)
4(55 86 87 56)
4(86 117 118 87)
4(117 148 149 118)
4(148 179 180 149)
4(179 210 211 180)
4(210 241 242 211)
4(241 272 273 242)
4(272 303 304 273)
4(303 334 335 304)
4(334 365 366 335)
4(365 396 397 366)
4(396 427 428 397)
4(427 458 459 428)
4(458 489 490 459)
4(489 520 521 490)
4(520 551 552 521)
4(551 582 583 552)
4(582 613 614 583)
4(613 644 645 614)
4(644 675 676 645)
4(675 706 707 676)
4(706 737 738 707)
4(737 768 769 738)
4(768 799 800 769)
4(799 830 831 800)
4(830 861 862 831)
4(861 892 893 862)
4(892 923 924 893)
4(923 954 955 924)
4(25 56 57 26)
4(56 87 88 57)
4(87 118 119 88)
4(118 149 150 119)
4(149 180 181 150)
4(180 211 212 181)
4(211 242 243 212)
4(242 273 274 243)
4(273 304 305 274)
4(304 335 336 305)
4(335 366 367 336)
4(366 397 398 367)
4(397 428 429 398)
4(428 459 460 429)
4(459 490 491 460)
4(490 521 522 491)
4(521 552 553 522)
4(552 583 584 553)
4(583 614 615 584)
4(614 645 646 615)
4(645 676 677 646)
4(676 707 708 677)
4(707 738 739 708)
4(738 769 770 739)
4(769 800 801 770)
4(800 831 832 801)
4(831 862 863 832)
4(862 893 894 863)
4(893 924 925 894)
4(924 955 956 925)
4(26 57 58 27)
4(57 88 89 58)
4(88 119 120 89)
4(119 150 151 120)
4(150 181 182 151)
4(181 212 213 182)
4(212 243 244 213)
4(243 274 275 244)
4(274 305 306 275)
4(305 336 337 306)
4(336 367 368 337)
4(367 398 399 368)
4(398 429 430 399)
4(429 460 461 430)
4(460 491 492 461)
4(491 522 523 492)
4(522 553 554 523)
4(553 584 585 554)
4(584 615 616 585)
4(615 646 647 616)
4(646 677 678 647)
4(677 708 709 678)
4(708 739 740 709)
4(739 770 771 740)
4(770 801 802 771)
4(801 832 833 802)
4(832 863 864 833)
4(863 894 895 864)
4(894 925 926 895)
4(925 956 957 926)
4(27 58 59 28)
4(58 89 90 59)
4(89 120 121 90)
4(120 151 152 121)
4(151 182 183 152)
4(182 213 214 183)
4(213 244 245 214)
4(244 275 276 245)
4(275 306 307 276)
4(306 337 338 307)
4(337 368 369 338)
4(368 399 400 369)
4(399 430 431 400)
4(430 461 462 431)
4(461 492 493 462)
4(492 523 524 493)
4(523 554 555 524)
4(554 585 586 555)
4(585 616 617 586)
4(616 647 648 617)
4(647 678 679 648)
4(678 709 710 679)
4(709 740 741 710)
4(740 771 772 741)
4(771 802 803 772)
4(802 833 834 803)
4(833 864 865 834)
4(864 895 896 865)
4(895 926 927 896)
4(926 957 958 927)
4(28 59 60 29)
4(59 90 91 60)
4(90 121 122 91)
4(121 152 153 122)
4(152 183 184 153)
4(183 214 215 184)
4(214 245 246 215)
4(245 276 277 246)
4(276 307 308 277)
4(307 338 339 308)
4(338 369 370 339)
4(369 400 401 370)
4(400 431 432 401)
4(431 462 463 432)
4(462 493 494 463)
4(493 524 525 494)
4(524 555 556 525)
4(555 586 587 556)
4(586 617 618 587)
4(617 648 649 618)
4(648 679 680 649)
4(679 710 711 680)
4(710 741 742 711)
4(741 772 773 742)
4(772 803 804 773)
4(803 834 835 804)
4(834 865 866 835)
4(865 896 897 866)
4(896 927 928 897)
4(927 958 959 928)
4(29 60 61 30)
4(60 91 92 61)
4(91 122 123 92)
4(122 153 154 123)
4(153 184 185 154)
4(184 215 216 185)
4(215 246 247 216)
4(246 277 278 247)
4(277 308 309 278)
4(308 339 340 309)
4(339 370 371 340)
4(370 401 402 371)
4(401 432 433 402)
4(432 463 464 433)
4(463 494 495 464)
4(494 525 526 495)
4(525 556 557 526)
4(556 587 588 557)
4(587 618 619 588)
4(618 649 650 619)
4(649 680 681 650)
4(680 711 712 681)
4(711 742 743 712)
4(742 773 774 743)
4(773 804 805 774)
4(804 835 836 805)
4(835 866 867 836)
4(866 897 898 867)
4(897 928 929 898)
4(928 959 960 929)
4(961 962 993 992)
4(992 993 1024 1023)
4(1023 1024 1055 1054)
4(1054 1055 1086 1085)
4(1085 1086 1117 1116)
4(1116 1117 1148 1147)
4(1147 1148 1179 1178)
4(1178 1179 1210 1209)
4(1209 1210 1241 1240)
4(1240 1241 1272 1271)
4(1271 1272 1303 1302)
4(1302 1303 1334 1333)
4(1333 1334 1365 1364)
4(1364 1365 1396 1395)
4(1395 1396 1427 1426)
4(1426 1427 1458 1457)
4(1457 1458 1489 1488)
4(1488 1489 1520 1519)
4(1519 1520 1551 1550)
4(1550 1551 1582 1581)
4(1581 1582 1613 1612)
4(1612 1613 1644 1643)
4(1643 1644 1675 1674)
4(1674 1675 1706 1705)
4(1705 1706 1737 1736)
4(1736 1737 1768 1767)
4(1767 1768 1799 1798)
4(1798 1799 1830 1829)
4(1829 1830 1861 1860)
4(1860 1861 1892 1891)
4(962 963 994 993)
4(993 994 1025 1024)
4(1024 1025 1056 1055)
4(1055 1056 1087 1086)
4(1086 1087 1118 1117)
4(1117 1118 1149 1148)
4(1148 1149 1180 1179)
4(1179 1180 1211 1210)
4(1210 1211 1242 1241)
4(1241 1242 1273 1272)
4(1272 1273 1304 1303)
4(1303 1304 1335 1334)
4(1334 1335 1366 1365)
4(1365 1366 1397 1396)
4(1396 1397 1428 1427)
4(1427 1428 1459 1458)
4(1458 1459 1490 1489)
4(1489 1490 1521 1520)
4(1520 1521 1552 1551)
4(1551 1552 1583 1582)
4(1582 1583 1614 1613)
4(1613 1614 1645 1644)
4(1644 1645 1676 1675)
4(1675 1676 1707 1706)
4(1706 1707 1738 1737)
4(1737 1738 1769 1768)
4(1768 1769 1800 1799)
4(1799 1800 1831 1830)
4(1830 1831 1862 1861)
4(1861 1862 1893 1892)
4(963 964 995 994)
4(994 995 1026 1025)
4(1025 1026 1057 1056)
4(1056 1057 1088 1087)
4(1087 1088 1119 1118)
4(1118 1119 1150 1149)
4(1149 1150 1181 1180)
4(1180 1181 1212 1211)
4(1211 1212 1243 1242)
4(1242 1243 1274 1273)
4(1273 1274 1305 1304)
4(1304 1305 1336 1335)
4(1335 1336 1367 1366)
4(1366 1367 1398 1397)
4(1397 1398 1429 1428)
4(1428 1429 1460 1459)
4(1459 1460 1491 1490)
4(1490 1491 1522 1521)
4(1521 1522 1553 1552)
4(1552 1553 1584 1583)
4(1583 1584 1615 1614)
4(1614 1615 1646 1645)
4(1645 1646 1677 1676)
4(1676 1677 1708 1707)
4(1707 1708 1739 1738)
4(1738 1739 1770 1769)
4(1769 1770 1801 1800)
4(1800 1801 1832 1831)
4(1831 1832 1863 1862)
4(1862 1863 1894 1893)
4(964 965 996 995)
4(995 996 1027 1026)
4(1026 1027 1058 1057)
4(1057 1058 1089 1088)
4(1088 1089 1120 1119)
4(1119 1120 1151 1150)
4(1150 1151 1182 1181)
4(1181 1182 1213 1212)
4(1212 1213 1244 1243)
4(1243 1244 1275 1274)
4(1274 1275 1306 1305)
4(1305 1306 1337 1336)
4(1336 1337 1368 1367)
4(1367 1368 1399 1398)
4(1398 1399 1430 1429)
4(1429 1430 1461 1460)
4(1460 1461 1492 1491)
4(1491 1492 1523 1522)
4(1522 1523 1554 1553)
4(1553 1554 1585 1584)
4(1584 1585 1616 1615)
4(1615 1616 1647 1646)
4(1646 1647 1678 1677)
4(1677 1678 1709 1708)
4(1708 1709 1740 1739)
4(1739 1740 1771 1770)
4(1770 1771 1802 1801)
4(1801 1802 1833 1832)
4(1832 1833 1864 1863)
4(1863 1864 1895 1894)
4(965 966 997 996)
4(996 997 1028 1027)
4(1027 1028 1059 1058)
4(1058 1059 1090 1089)
4(1089 1090 1121 1120)
4(1120 1121 1152 1151)
4(1151 1152 1183 1182)
4(1182 1183 1214 1213)
4(1213 1214 1245 1244)
4(1244 1245 1276 1275)
4(1275 1276 1307 1306)
4(1306 1307 1338 1337)
4(1337 1338 1369 1368)
4(1368 1369 1400 1399)
4(1399 1400 1431 1430)
4(1430 1431 1462 1461)
4(1461 1462 1493 1492)
4(1492 1493 1524 1523)
4(1523 1524 1555 1554)
4(1554 1555 1586 1585)
4(1585 1586 1617 1616)
4(1616 1617 1648 1647)
4(1647 1648 1679 1678)
4(1678 1679 1710 1709)
4(1709 1710 1741 1740)
4(1740 1741 1772 1771)
4(1771 1772 1803 1802)
4(1802 1803 1834 1833)
4(1833 1834 1865 1864)
4(1864 1865 1896 1895)
4(966 967 998 997)
4(997 998 1029 1028)
4(1028 1029 1060 1059)
4(1059 1060 1091 1090)
4(1090 1091 1122 1121)
4(1121 1122 1153 1152)
4(1152 1153 1184 1183)
4(1183 1184 1215 1214)
4(1214 1215 1246 1245)
4(1245 1246 1277 1276)
4(1276 1277 1308 1307)
4(1307 1308 1339 1338)
4(1338 1339 1370 1369)
4(1369 1370 1401 1400)
4(1400 1401 1432 1431)
4(1431 1432 1463 1462)
4(1462 1463 1494 1493)
4(1493 1494 1525 1524)
4(1524 1525 1556 1555)
4(1555 1556 1587 1586)
4(1586 1587 1618 1617)
4(1617 1618 1649 1648)
4(1648 1649 1680 1679)
4(1679 1680 1711 1710)
4(1710 1711 1742 1741)
4(1741 1742 1773 1772)
4(1772 1773 1804 1803)
4(1803 1804 1835 1834)
4(1834 1835 1866 1865)
4(1865 1866 1897 1896)
4(967 968 999 998)
4(998 999 1030 1029)
4(1029 1030 1061 1060)
4(1060 1061 1092 1091)
4(1091 1092 1123 1122)
4(1122 1123 1154 1153)
4(1153 1154 1185 1184)
4(1184 1185 1216 1215)
4(1215 1216 1247 1246)
4(1246 1247 1278 1277)
4(1277 1278 1309 1308)
4(1308 1309 1340 1339)
4(1339 1340 1371 1370)
4(1370 1371 1402 1401)
4(1401 1402 1433 1432)
4(1432 1433 1464 1463)
4(1463 1464 1495 1494)
4(1494 1495 1526 1525)
4(1525 1526 1557 1556)
4(1556 1557 1588 1587)
4(1587 1588 1619 1618)
4(1618 1619 1650 1649)
4(1649 1650 1681 1680)
4(1680 1681 1712 1711)
4(1711 1712 1743 1742)
4(1742 1743 1774 1773)
4(1773 1774 1805 1804)
4(1804 1805 1836 1835)
4(1835 1836 1867 1866)
4(1866 1867 1898 1897)
4(968 969 1000 999)
4(999 1000 1031 1030)
4(1030 1031 1062 1061)
4(1061 1062 1093 1092)
4(1092 1093 1124 1123)
4(1123 1124 1155 1154)
4(1154 1155 1186 1185)
4(1185 1186 1217 1216)
4(1216 1217 1248 1247)
4(1247 1248 1279 1278)
4(1278 1279 1310 1309)
4(1309 1310 1341 1340)
4(1340 1341 1372 1371)
4(1371 1372 1403 1402)
4(1402 1403 1434 1433)
4(1433 1434 1465 1464)
4(1464 1465 1496 1495)
4(1495 1496 1527 1526)
4(1526 1527 1558 1557)
4(1557 1558 1589 1588)
4(1588 1589 1620 1619)
4(1619 1620 1651 1650)
4(1650 1651 1682 1681)
4(1681 1682 1713 1712)
4(1712 1713 1744 1743)
4(1743 1744 1775 1774)
4(1774 1775 1806 1805)
4(1805 1806 1837 1836)
4(1836 1837 1868 1867)
4(1867 1868 1899 1898)
4(969 970 1001 1000)
4(1000 1001 1032 1031)
4(1031 1032 1063 1062)
4(1062 1063 1094 1093)
4(1093 1094 1125 1124)
4(1124 1125 1156 1155)
4(1155 1156 1187 1186)
4(1186 1187 1218 1217)
4(1217 1218 1249 1248)
4(1248 1249 1280 1279)
4(1279 1280 1311 1310)
4(1310 1311 1342 1341)
4(1341 1342 1373 1372)
4(1372 1373 1404 1403)
4(1403 1404 1435 1434)
4(1434 1435 1466 1465)
4(1465 1466 1497 1496)
4(1496 1497 1528 1527)
4(1527 1528 1559 1558)
4(1558 1559 1590 1589)
4(1589 1590 1621 1620)
4(1620 1621 1652 1651)
4(1651 1652 1683 1682)
4(1682 1683 1714 1713)
4(1713 1714 1745 1744)
4(1744 1745 1776 1775)
4(1775 1776 1807 1806)
4(1806 1807 1838 1837)
4(1837 1838 1869 1868)
4(1868 1869 1900 1899)
4(970 971 1002 1001)
4(1001 1002 1033 1032)
4(1032 1033 1064 1063)
4(1063 1064 1095 1094)
4(1094 1095 1126 1125)
4(1125 1126 1157 1156)
4(1156 1157 1188 1187)
4(1187 1188 1219 1218)
4(1218 1219 1250 1249)
4(1249 1250 1281 1280)
4(1280 1281 1312 1311)
4(1311 1312 1343 1342)
4(1342 1343 1374 1373)
4(1373 1374 1405 1404)
4(1404 1405 1436 1435)
4(1435 1436 1467 1466)
4(1466 1467 1498 1497)
4(1497 1498 1529 1528)
4(1528 1529 1560 1559)
4(1559 1560 1591 1590)
4(1590 1591 1622 1621)
4(1621 1622 1653 1652)
4(1652 1653 1684 1683)
4(1683 1684 1715 1714)
4(1714 1715 1746 1745)
4(1745 1746 1777 1776)
4(1776 1777 1808 1807)
4(1807 1808 1839 1838)
4(1838 1839 1870 1869)
4(1869 1870 1901 1900)
4(971 972 1003 1002)
4(1002 1003 1034 1033)
4(1033 1034 1065 1064)
4(1064 1065 1096 1095)
4(1095 1096 1127 1126)
4(1126 1127 1158 1157)
4(1157 1158 1189 1188)
4(1188 1189 1220 1219)
4(1219 1220 1251 1250)
4(1250 1251 1282 1281)
4(1281 1282 1313 1312)
4(1312 1313 1344 1343)
4(1343 1344 1375 1374)
4(1374 1375 1406 1405)
4(1405 1406 1437 1436)
4(1436 1437 1468 1467)
4(1467 1468 1499 1498)
4(1498 1499 1530 1529)
4(1529 1530 1561 1560)
4(1560 1561 1592 1591)
4(1591 1592 1623 1622)
4(1622 1623 1654 1653)
4(1653 1654 1685 1684)
4(1684 1685 1716 1715)
4(1715 1716 1747 1746)
4(1746 1747 1778 1777)
4(1777 1778 1809 1808)
4(1808 1809 1840 1839)
4(1839 1840 1871 1870)
4(1870 1871 1902 1901)
4(972 973 1004 1003)
4(1003 1004 1035 1034)
4(1034 1035 1066 1065)
4(1065 1066 1097 1096)
4(1096 1097 1128 1127)
4(1127 1128 1159 1158)
4(1158 1159 1190 1189)
4(1189 1190 1221 1220)
4(1220 1221 1252 1251)
4(1251 1252 1283 1282)
4(1282 1283 1314 1313)
4(1313 1314 1345 1344)
4(1344 1345 1376 1375)
4(1375 1376 1407 1406)
4(1406 1407 1438 1437)
4(1437 1438 1469 1468)
4(1468 1469 1500 1499)
4(1499 1500 1531 1530)
4(1530 1531 1562 1561)
4(1561 1562 1593 1592)
4(1592 1593 1624 1623)
4(1623 1624 1655 1654)
4(1654 1655 1686 1685)
4(1685 1686 1717 1716)
4(1716 1717 1748 1747)
4(1747 1748 1779 1778)
4(1778 1779 1810 1809)
4(1809 1810 1841 1840)
4(1840 1841 1872 1871)
4(1871 1872 1903 1902)
4(973 974 1005 1004)
4(1004 1005 1036 1035)
4(1035 1036 1067 1066)
4(1066 1067 1098 1097)
4(1097 1098 1129 1128)
4(1128 1129 1160 1159)
4(1159 1160 1191 1190)
4(1190 1191 1222 1221)
4(1221 1222 1253 1252)
4(1252 1253 1284 1283)
4(1283 1284 1315 1314)
4(1314 1315 1346 1345)
4(1345 1346 1377 1376)
4(1376 1377 1408 1407)
4(1407 1408 1439 1438)
4(1438 1439 1470 1469)
4(1469 1470 1501 1500)
4(1500 1501 1532 1531)
4(1531 1532 1563 1562)
4(1562 1563 1594 1593)
4(1593 1594 1625 1624)
4(1624 1625 1656 1655)
4(1655 1656 1687 1686)
4(1686 1687 1718 1717)
4(1717 1718 1749 1748)
4(1748 1749 1780 1779)
4(1779 1780 1811 1810)
4(1810 1811 1842 1841)
4(1841 1842 1873 1872)
4(1872 1873 1904 1903)
4(974 975 1006 1005)
4(1005 1006 1037 1036)
4(1036 1037 1068 1067)
4(1067 1068 1099 1098)
4(1098 1099 1130 1129)
4(1129 1130 1161 1160)
4(1160 1161 1192 1191)
4(1191 1192 1223 1222)
4(1222 1223 1254 1253)
4(1253 1254 1285 1284)
4(1284 1285 1316 1315)
4(1315 1316 1347 1346)
4(1346 1347 1378 1377)
4(1377 1378 1409 1408)
4(1408 1409 1440 1439)
4(1439 1440 1471 1470)
4(1470 1471 1502 1501)
4(1501 1502 1533 1532)
4(1532 1533 1564 1563)
4(1563 1564 1595 1594)
4(1594 1595 1626 1625)
4(1625 1626 1657 1656)
4(1656 1657 1688 1687)
4(1687 1688 1719 1718)
4(1718 1719 1750 1749)
4(1749 1750 1781 1780)
4(1780 1781 1812 1811)
4(1811 1812 1843 1842)
4(1842 1843 1874 1873)
4(1873 1874 1905 1904)
4(975 976 1007 1006)
4(1006 1007 1038 1037)
4(1037 1038 1069 1068)
4(1068 1069 1100 1099)
4(1099 1100 1131 1130)
4(1130 1131 1162 1161)
4(1161 1162 1193 1192)
4(1192 1193 1224 1223)
4(1223 1224 1255 1254)
4(1254 1255 1286 1285)
4(1285 1286 1317 1316)
4(1316 1317 1348 1347)
4(1347 1348 1379 1378)
4(1378 1379 1410 1409)
4(1409 1410 1441 1440)
4(1440 1441 1472 1471)
4(1471 1472 1503 1502)
4(1502 1503 1534 1533)
4(1533 1534 1565 1564)
4(1564 1565 1596 1595)
4(1595 1596 1627 1626)
4(1626 1627 1658 1657)
4(1657 1658 1689 1688)
4(1688 1689 1720 1719)
4(1719 1720 1751 1750)
4(1750 1751 1782 1781)
4(1781 1782 1813 1812)
4(1812 1813 1844 1843)
4(1843 1844 1875 1874)
4(1874 1875 1906 1905)
4(976 977 1008 1007)
4(1007 1008 1039 1038)
4(1038 1039 1070 1069)
4(1069 1070 1101 1100)
4(1100 1101 1132 1131)
4(1131 1132 1163 1162)
4(1162 1163 1194 1193)
4(1193 1194 1225 1224)
4(1224 1225 1256 1255)
4(1255 1256 1287 1286)
4(1286 1287 1318 1317)
4(1317 1318 1349 1348)
4(1348 1349 1380 1379)
4(1379 1380 1411 1410)
4(1410 1411 1442 1441)
4(1441 1442 1473 1472)
4(1472 1473 1504 1503)
4(1503 1504 1535 1534)
4(1534 1535 1566 1565)
4(1565 1566 1597 1596)
4(1596 1597 1628 1627)
4(1627 1628 1659 1658)
4(1658 1659 1690 1689)
4(1689 1690 1721 1720)
4(1720 1721 1752 1751)
4(1751 1752 1783 1782)
4(1782 1783 1814 1813)
4(1813 1814 1845 1844)
4(1844 1845 1876 1875)
4(1875 1876 1907 1906)
4(977 978 1009 1008)
4(1008 1009 1040 1039)
4(1039 1040 1071 1070)
4(1070 1071 1102 1101)
4(1101 1102 1133 1132)
4(1132 1133 1164 1163)
4(1163 1164 1195 1194)
4(1194 1195 1226 1225)
4(1225 1226 1257 1256)
4(1256 1257 1288 1287)
4(1287 1288 1319 1318)
4(1318 1319 1350 1349)
4(1349 1350 1381 1380)
4(1380 1381 1412 1411)
4(1411 1412 1443 1442)
4(1442 1443 1474 1473)
4(1473 1474 1505 1504)
4(1504 1505 1536 1535)
4(1535 1536 1567 1566)
4(1566 1567 1598 1597)
4(1597 1598 1629 1628)
4(1628 1629 1660 1659)
4(1659 1660 1691 1690)
4(1690 1691 1722 1721)
4(1721 1722 1753 1752)
4(1752 1753 1784 1783)
4(1783 1784 1815 1814)
4(1814 1815 1846 1845)
4(1845 1846 1877 1876)
4(1876 1877 1908 1907)
4(978 979 1010 1009)
4(1009 1010 1041 1040)
4(1040 1041 1072 1071)
4(1071 1072 1103 1102)
4(1102 1103 1134 1133)
4(1133 1134 1165 1164)
4(1164 1165 1196 1195)
4(1195 1196 1227 1226)
4(1226 1227 1258 1257)
4(1257 1258 1289 1288)
4(1288 1289 1320 1319)
4(1319 1320 1351 1350)
4(1350 1351 1382 1381)
4(1381 1382 1413 1412)
4(1412 1413 1444 1443)
4(1443 1444 1475 1474)
4(1474 1475 1506 1505)
4(1505 1506 1537 1536)
4(1536 1537 1568 1567)
4(1567 1568 1599 1598)
4(1598 1599 1630 1629)
4(1629 1630 1661 1660)
4(1660 1661 1692 1691)
4(1691 1692 1723 1722)
4(1722 1723 1754 1753)
4(1753 1754 1785 1784)
4(1784 1785 1816 1815)
4(1815 1816 1847 1846)
4(1846 1847 1878 1877)
4(1877 1878 1909 1908)
4(979 980 1011 1010)
4(1010 1011 1042 1041)
4(1041 1042 1073 1072)
4(1072 1073 1104 1103)
4(1103 1104 1135 1134)
4(1134 1135 1166 1165)
4(1165 1166 1197 1196)
4(1196 1197 1228 1227)
4(1227 1228 1259 1258)
4(1258 1259 1290 1289)
4(1289 1290 1321 1320)
4(1320 1321 1352 1351)
4(1351 1352 1383 1382)
4(1382 1383 1414 1413)
4(1413 1414 1445 1444)
4(1444 1445 1476 1475)
4(1475 1476 1507 1506)
4(1506 1507 1538 1537)
4(1537 1538 1569 1568)
4(1568 1569 1600 1599)
4(1599 1600 1631 1630)
4(1630 1631 1662 1661)
4(1661 1662 1693 1692)
4(1692 1693 1724 1723)
4(1723 1724 1755 1754)
4(1754 1755 1786 1785)
4(1785 1786 1817 1816)
4(1816 1817 1848 1847)
4(1847 1848 1879 1878)
4(1878 1879 1910 1909)
4(980 981 1012 1011)
4(1011 1012 1043 1042)
4(1042 1043 1074 1073)
4(1073 1074 1105 1104)
4(1104 1105 1136 1135)
4(1135 1136 1167 1166)
4(1166 1167 1198 1197)
4(1197 1198 1229 1228)
4(1228 1229 1260 1259)
4(1259 1260 1291 1290)
4(1290 1291 1322 1321)
4(1321 1322 1353 1352)
4(1352 1353 1384 1383)
4(1383 1384 1415 1414)
4(1414 1415 1446 1445)
4(1445 1446 1477 1476)
4(1476 1477 1508 1507)
4(1507 1508 1539 1538)
4(1538 1539 1570 1569)
4(1569 1570 1601 1600)
4(1600 1601 1632 1631)
4(1631 1632 1663 1662)
4(1662 1663 1694 1693)
4(1693 1694 1725 1724)
4(1724 1725 1756 1755)
4(1755 1756 1787 1786)
4(1786 1787 1818 1817)
4(1817 1818 1849 1848)
4(1848 1849 1880 1879)
4(1879 1880 1911 1910)
4(981 982 1013 1012)
4(1012 1013 1044 1043)
4(1043 1044 1075 1074)
4(1074 1075 1106 1105)
4(1105 1106 1137 1136)
4(1136 1137 1168 1167)
4(1167 1168 1199 1198)
4(1198 1199 1230 1229)
4(1229 1230 1261 1260)
4(1260 1261 1292 1291)
4(1291 1292 1323 1322)
4(1322 1323 1354 1353)
4(1353 1354 1385 1384)
4(1384 1385 1416 1415)
4(1415 1416 1447 1446)
4(1446 1447 1478 1477)
4(1477 1478 1509 1508)
4(1508 1509 1540 1539)
4(1539 1540 1571 1570)
4(1570 1571 1602 1601)
4(1601 1602 1633 1632)
4(1632 1633 1664 1663)
4(1663 1664 1695 1694)
4(1694 1695 1726 1725)
4(1725 1726 1757 1756)
4(1756 1757 1788 1787)
4(1787 1788 1819 1818)
4(1818 1819 1850 1849)
4(1849 1850 1881 1880)
4(1880 1881 1912 1911)
4(982 983 1014 1013)
4(1013 1014 1045 1044)
4(1044 1045 1076 1075)
4(1075 1076 1107 1106)
4(1106 1107 1138 1137)
4(1137 1138 1169 1168)
4(1168 1169 1200 1199)
4(1199 1200 1231 1230)
4(1230 1231 1262 1261)
4(1261 1262 1293 1292)
4(1292 1293 1324 1323)
4(1323 1324 1355 1354)
4(1354 1355 1386 1385)
4(1385 1386 1417 1416)
4(1416 1417 1448 1447)
4(1447 1448 1479 1478)
4(1478 1479 1510 1509)
4(1509 1510 1541 1540)
4(1540 1541 1572 1571)
4(1571 1572 1603 1602)
4(1602 1603 1634 1633)
4(1633 1634 1665 1664)
4(1664 1665 1696 1695)
4(1695 1696 1727 1726)
4(1726 1727 1758 1757)
4(1757 1758 1789 1788)
4(1788 1789 1820 1819)
4(1819 1820 1851 1850)
4(1850 1851 1882 1881)
4(1881 1882 1913 1912)
4(983 984 1015 1014)
4(1014 1015 1046 1045)
4(1045 1046 1077 1076)
4(1076 1077 1108 1107)
4(1107 1108 1139 1138)
4(1138 1139 1170 1169)
4(1169 1170 1201 1200)
4(1200 1201 1232 1231)
4(1231 1232 1263 1262)
4(1262 1263 1294 1293)
4(1293 1294 1325 1324)
4(1324 1325 1356 1355)
4(1355 1356 1387 1386)
4(1386 1387 1418 1417)
4(1417 1418 1449 1448)
4(1448 1449 1480 1479)
4(1479 1480 1511 1510)
4(1510 1511 1542 1541)
4(1541 1542 1573 1572)
4(1572 1573 1604 1603)
4(1603 1604 1635 1634)
4(1634 1635 1666 1665)
4(1665 1666 1697 1696)
4(1696 1697 1728 1727)
4(1727 1728 1759 1758)
4(1758 1759 1790 1789)
4(1789 1790 1821 1820)
4(1820 1821 1852 1851)
4(1851 1852 1883 1882)
4(1882 1883 1914 1913)
4(984 985 1016 1015)
4(1015 1016 1047 1046)
4(1046 1047 1078 1077)
4(1077 1078 1109 1108)
4(1108 1109 1140 1139)
4(1139 1140 1171 1170)
4(1170 1171 1202 1201)
4(1201 1202 1233 1232)
4(1232 1233 1264 1263)
4(1263 1264 1295 1294)
4(1294 1295 1326 1325)
4(1325 1326 1357 1356)
4(1356 1357 1388 1387)
4(1387 1388 1419 1418)
4(1418 1419 1450 1449)
4(1449 1450 1481 1480)
4(1480 1481 1512 1511)
4(1511 1512 1543 1542)
4(1542 1543 1574 1573)
4(1573 1574 1605 1604)
4(1604 1605 1636 1635)
4(1635 1636 1667 1666)
4(1666 1667 1698 1697)
4(1697 1698 1729 1728)
4(1728 1729 1760 1759)
4(1759 1760 1791 1790)
4(1790 1791 1822 1821)
4(1821 1822 1853 1852)
4(1852 1853 1884 1883)
4(1883 1884 1915 1914)
4(985 986 1017 1016)
4(1016 1017 1048 1047)
4(1047 1048 1079 1078)
4(1078 1079 1110 1109)
4(1109 1110 1141 1140)
4(1140 1141 1172 1171)
4(1171 1172 1203 1202)
4(1202 1203 1234 1233)
4(1233 1234 1265 1264)
4(1264 1265 1296 1295)
4(1295 1296 1327 1326)
4(1326 1327 1358 1357)
4(1357 1358 1389 1388)
4(1388 1389 1420 1419)
4(1419 1420 1451 1450)
4(1450 1451 1482 1481)
4(1481 1482 1513 1512)
4(1512 1513 1544 1543)
4(1543 1544 1575 1574)
4(1574 1575 1606 1605)
4(1605 1606 1637 1636)
4(1636 1637 1668 1667)
4(1667 1668 1699 1698)
4(1698 1699 1730 1729)
4(1729 1730 1761 1760)
4(1760 1761 1792 1791)
4(1791 1792 1823 1822)
4(1822 1823 1854 1853)
4(1853 1854 1885 1884)
4(1884 1885 1916 1915)
4(986 987 1018 1017)
4(1017 1018 1049 1048)
4(1048 1049 1080 1079)
4(1079 1080 1111 1110)
4(1110 1111 1142 1141)
4(1141 1142 1173 1172)
4(1172 1173 1204 1203)
4(1203 1204 1235 1234)
4(1234 1235 1266 1265)
4(1265 1266 1297 1296)
4(1296 1297 1328 1327)
4(1327 1328 1359 1358)
4(1358 1359 1390 1389)
4(1389 1390 1421 1420)
4(1420 1421 1452 1451)
4(1451 1452 1483 1482)
4(1482 1483 1514 1513)
4(1513 1514 1545 1544)
4(1544 1545 1576 1575)
4(1575 1576 1607 1606)
4(1606 1607 1638 1637)
4(1637 1638 1669 1668)
4(1668 1669 1700 1699)
4(1699 1700 1731 1730)
4(1730 1731 1762 1761)
4(1761 1762 1793 1792)
4(1792 1793 1824 1823)
4(1823 1824 1855 1854)
4(1854 1855 1886 1885)
4(1885 1886 1917 1916)
4(987 988 1019 1018)
4(1018 1019 1050 1049)
4(1049 1050 1081 1080)
4(1080 1081 1112 1111)
4(1111 1112 1143 1142)
4(1142 1143 1174 1173)
4(1173 1174 1205 1204)
4(1204 1205 1236 1235)
4(1235 1236 1267 1266)
4(1266 1267 1298 1297)
4(1297 1298 1329 1328)
4(1328 1329 1360 1359)
4(1359 1360 1391 1390)
4(1390 1391 1422 1421)
4(1421 1422 1453 1452)
4(1452 1453 1484 1483)
4(1483 1484 1515 1514)
4(1514 1515 1546 1545)
4(1545 1546 1577 1576)
4(1576 1577 1608 1607)
4(1607 1608 1639 1638)
4(1638 1639 1670 1669)
4(1669 1670 1701 1700)
4(1700 1701 1732 1731)
4(1731 1732 1763 1762)
4(1762 1763 1794 1793)
4(1793 1794 1825 1824)
4(1824 1825 1856 1855)
4(1855 1856 1887 1886)
4(1886 1887 1918 1917)
4(988 989 1020 1019)
4(1019 1020 1051 1050)
4(1050 1051 1082 1081)
4(1081 1082 1113 1112)
4(1112 1113 1144 1143)
4(1143 1144 1175 1174)
4(1174 1175 1206 1205)
4(1205 1206 1237 1236)
4(1236 1237 1268 1267)
4(1267 1268 1299 1298)
4(1298 1299 1330 1329)
4(1329 1330 1361 1360)
4(1360 1361 1392 1391)
4(1391 1392 1423 1422)
4(1422 1423 1454 1453)
4(1453 1454 1485 1484)
4(1484 1485 1516 1515)
4(1515 1516 1547 1546)
4(1546 1547 1578 1577)
4(1577 1578 1609 1608)
4(1608 1609 1640 1639)
4(1639 1640 1671 1670)
4(1670 1671 1702 1701)
4(1701 1702 1733 1732)
4(1732 1733 1764 1763)
4(1763 1764 1795 1794)
4(1794 1795 1826 1825)
4(1825 1826 1857 1856)
4(1856 1857 1888 1887)
4(1887 1888 1919 1918)
4(989 990 1021 1020)
4(1020 1021 1052 1051)
4(1051 1052 1083 1082)
4(1082 1083 1114 1113)
4(1113 1114 1145 1144)
4(1144 1145 1176 1175)
4(1175 1176 1207 1206)
4(1206 1207 1238 1237)
4(1237 1238 1269 1268)
4(1268 1269 1300 1299)
4(1299 1300 1331 1330)
4(1330 1331 1362 1361)
4(1361 1362 1393 1392)
4(1392 1393 1424 1423)
4(1423 1424 1455 1454)
4(1454 1455 1486 1485)
4(1485 1486 1517 1516)
4(1516 1517 1548 1547)
4(1547 1548 1579 1578)
4(1578 1579 1610 1609)
4(1609 1610 1641 1640)
4(1640 1641 1672 1671)
4(1671 1672 1703 1702)
4(1702 1703 1734 1733)
4(1733 1734 1765 1764)
4(1764 1765 1796 1795)
4(1795 1796 1827 1826)
4(1826 1827 1858 1857)
4(1857 1858 1889 1888)
4(1888 1889 1920 1919)
4(990 991 1022 1021)
4(1021 1022 1053 1052)
4(1052 1053 1084 1083)
4(1083 1084 1115 1114)
4(1114 1115 1146 1145)
4(1145 1146 1177 1176)
4(1176 1177 1208 1207)
4(1207 1208 1239 1238)
4(1238 1239 1270 1269)
4(1269 1270 1301 1300)
4(1300 1301 1332 1331)
4(1331 1332 1363 1362)
4(1362 1363 1394 1393)
4(1393 1394 1425 1424)
4(1424 1425 1456 1455)
4(1455 1456 1487 1486)
4(1486 1487 1518 1517)
4(1517 1518 1549 1548)
4(1548 1549 1580 1579)
4(1579 1580 1611 1610)
4(1610 1611 1642 1641)
4(1641 1642 1673 1672)
4(1672 1673 1704 1703)
4(1703 1704 1735 1734)
4(1734 1735 1766 1765)
4(1765 1766 1797 1796)
4(1796 1797 1828 1827)
4(1827 1828 1859 1858)
4(1858 1859 1890 1889)
4(1889 1890 1921 1920)
4(0 961 992 31)
4(31 992 1023 62)
4(62 1023 1054 93)
4(93 1054 1085 124)
4(124 1085 1116 155)
4(155 1116 1147 186)
4(186 1147 1178 217)
4(217 1178 1209 248)
4(248 1209 1240 279)
4(279 1240 1271 310)
4(310 1271 1302 341)
4(341 1302 1333 372)
4(372 1333 1364 403)
4(403 1364 1395 434)
4(434 1395 1426 465)
4(465 1426 1457 496)
4(496 1457 1488 527)
4(527 1488 1519 558)
4(558 1519 1550 589)
4(589 1550 1581 620)
4(620 1581 1612 651)
4(651 1612 1643 682)
4(682 1643 1674 713)
4(713 1674 1705 744)
4(744 1705 1736 775)
4(775 1736 1767 806)
4(806 1767 1798 837)
4(837 1798 1829 868)
4(868 1829 1860 899)
4(899 1860 1891 930)
4(30 61 1022 991)
4(61 92 1053 1022)
4(92 123 1084 1053)
4(123 154 1115 1084)
4(154 185 1146 1115)
4(185 216 1177 1146)
4(216 247 1208 1177)
4(247 278 1239 1208)
4(278 309 1270 1239)
4(309 340 1301 1270)
4(340 371 1332 1301)
4(371 402 1363 1332)
4(402 433 1394 1363)
4(433 464 1425 1394)
4(464 495 1456 1425)
4(495 526 1487 1456)
4(526 557 1518 1487)
4(557 588 1549 1518)
4(588 619 1580 1549)
4(619 650 1611 1580)
4(650 681 1642 1611)
4(681 712 1673 1642)
4(712 743 1704 1673)
4(743 774 1735 1704)
4(774 805 1766 1735)
4(805 836 1797 1766)
4(836 867 1828 1797)
4(867 898 1859 1828)
4(898 929 1890 1859)
4(929 960 1921 1890)
4(930 1891 1892 931)
4(931 1892 1893 932)
4(932 1893 1894 933)
4(933 1894 1895 934)
4(934 1895 1896 935)
4(935 1896 1897 936)
4(936 1897 1898 937)
4(937 1898 1899 938)
4(938 1899 1900 939)
4(939 1900 1901 940)
4(940 1901 1902 941)
4(941 1902 1903 942)
4(942 1903 1904 943)
4(943 1904 1905 944)
4(944 1905 1906 945)
4(945 1906 1907 946)
4(946 1907 1908 947)
4(947 1908 1909 948)
4(948 1909 1910 949)
4(949 1910 1911 950)
4(950 1911 1912 951)
4(951 1912 1913 952)
4(952 1913 1914 953)
4(953 1914 1915 954)
4(954 1915 1916 955)
4(955 1916 1917 956)
4(956 1917 1918 957)
4(957 1918 1919 958)
4(958 1919 1920 959)
4(959 1920 1921 960)
4(0 1 962 961)
4(1 2 963 962)
4(2 3 964 963)
4(3 4 965 964)
4(4 5 966 965)
4(5 6 967 966)
4(6 7 968 967)
4(7 8 969 968)
4(8 9 970 969)
4(9 10 971 970)
4(10 11 972 971)
4(11 12 973 972)
4(12 13 974 973)
4(13 14 975 974)
4(14 15 976 975)
4(15 16 977 976)
4(16 17 978 977)
4(17 18 979 978)
4(18 19 980 979)
4(19 20 981 980)
4(20 21 982 981)
4(21 22 983 982)
4(22 23 984 983)
4(23 24 985 984)
4(24 25 986 985)
4(25 26 987 986)
4(26 27 988 987)
4(27 28 989 988)
4(28 29 990 989)
4(29 30 991 990)
)


// ************************************************************************* //
