/*--------------------------------*- C++ -*----------------------------------*\
| =========                 |                                                 |
| \\      /  F ield         | foam-extend: Open Source CFD                    |
|  \\    /   O peration     | Version:     4.0                                |
|   \\  /    A nd           | Web:         http://www.foam-extend.org         |
|    \\/     M anipulation  |                                                 |
\*---------------------------------------------------------------------------*/
FoamFile
{
    version     2.0;
    format      ascii;
    class       labelList;
    note        "nPoints: 1922 nCells: 900 nFaces: 3660 nInternalFaces: 1740";
    location    "constant/polyMesh";
    object      owner;
}
// * * * * * * * * * * * * * * * * * * * * * * * * * * * * * * * * * * * * * //


3660
(
0
0
1
1
2
2
3
3
4
4
5
5
6
6
7
7
8
8
9
9
10
10
11
11
12
12
13
13
14
14
15
15
16
16
17
17
18
18
19
19
20
20
21
21
22
22
23
23
24
24
25
25
26
26
27
27
28
28
29
30
30
31
31
32
32
33
33
34
34
35
35
36
36
37
37
38
38
39
39
40
40
41
41
42
42
43
43
44
44
45
45
46
46
47
47
48
48
49
49
50
50
51
51
52
52
53
53
54
54
55
55
56
56
57
57
58
58
59
60
60
61
61
62
62
63
63
64
64
65
65
66
66
67
67
68
68
69
69
70
70
71
71
72
72
73
73
74
74
75
75
76
76
77
77
78
78
79
79
80
80
81
81
82
82
83
83
84
84
85
85
86
86
87
87
88
88
89
90
90
91
91
92
92
93
93
94
94
95
95
96
96
97
97
98
98
99
99
100
100
101
101
102
102
103
103
104
104
105
105
106
106
107
107
108
108
109
109
110
110
111
111
112
112
113
113
114
114
115
115
116
116
117
117
118
118
119
120
120
121
121
122
122
123
123
124
124
125
125
126
126
127
127
128
128
129
129
130
130
131
131
132
132
133
133
134
134
135
135
136
136
137
137
138
138
139
139
140
140
141
141
142
142
143
143
144
144
145
145
146
146
147
147
148
148
149
150
150
151
151
152
152
153
153
154
154
155
155
156
156
157
157
158
158
159
159
160
160
161
161
162
162
163
163
164
164
165
165
166
166
167
167
168
168
169
169
170
170
171
171
172
172
173
173
174
174
175
175
176
176
177
177
178
178
179
180
180
181
181
182
182
183
183
184
184
185
185
186
186
187
187
188
188
189
189
190
190
191
191
192
192
193
193
194
194
195
195
196
196
197
197
198
198
199
199
200
200
201
201
202
202
203
203
204
204
205
205
206
206
207
207
208
208
209
210
210
211
211
212
212
213
213
214
214
215
215
216
216
217
217
218
218
219
219
220
220
221
221
222
222
223
223
224
224
225
225
226
226
227
227
228
228
229
229
230
230
231
231
232
232
233
233
234
234
235
235
236
236
237
237
238
238
239
240
240
241
241
242
242
243
243
244
244
245
245
246
246
247
247
248
248
249
249
250
250
251
251
252
252
253
253
254
254
255
255
256
256
257
257
258
258
259
259
260
260
261
261
262
262
263
263
264
264
265
265
266
266
267
267
268
268
269
270
270
271
271
272
272
273
273
274
274
275
275
276
276
277
277
278
278
279
279
280
280
281
281
282
282
283
283
284
284
285
285
286
286
287
287
288
288
289
289
290
290
291
291
292
292
293
293
294
294
295
295
296
296
297
297
298
298
299
300
300
301
301
302
302
303
303
304
304
305
305
306
306
307
307
308
308
309
309
310
310
311
311
312
312
313
313
314
314
315
315
316
316
317
317
318
318
319
319
320
320
321
321
322
322
323
323
324
324
325
325
326
326
327
327
328
328
329
330
330
331
331
332
332
333
333
334
334
335
335
336
336
337
337
338
338
339
339
340
340
341
341
342
342
343
343
344
344
345
345
346
346
347
347
348
348
349
349
350
350
351
351
352
352
353
353
354
354
355
355
356
356
357
357
358
358
359
360
360
361
361
362
362
363
363
364
364
365
365
366
366
367
367
368
368
369
369
370
370
371
371
372
372
373
373
374
374
375
375
376
376
377
377
378
378
379
379
380
380
381
381
382
382
383
383
384
384
385
385
386
386
387
387
388
388
389
390
390
391
391
392
392
393
393
394
394
395
395
396
396
397
397
398
398
399
399
400
400
401
401
402
402
403
403
404
404
405
405
406
406
407
407
408
408
409
409
410
410
411
411
412
412
413
413
414
414
415
415
416
416
417
417
418
418
419
420
420
421
421
422
422
423
423
424
424
425
425
426
426
427
427
428
428
429
429
430
430
431
431
432
432
433
433
434
434
435
435
436
436
437
437
438
438
439
439
440
440
441
441
442
442
443
443
444
444
445
445
446
446
447
447
448
448
449
450
450
451
451
452
452
453
453
454
454
455
455
456
456
457
457
458
458
459
459
460
460
461
461
462
462
463
463
464
464
465
465
466
466
467
467
468
468
469
469
470
470
471
471
472
472
473
473
474
474
475
475
476
476
477
477
478
478
479
480
480
481
481
482
482
483
483
484
484
485
485
486
486
487
487
488
488
489
489
490
490
491
491
492
492
493
493
494
494
495
495
496
496
497
497
498
498
499
499
500
500
501
501
502
502
503
503
504
504
505
505
506
506
507
507
508
508
509
510
510
511
511
512
512
513
513
514
514
515
515
516
516
517
517
518
518
519
519
520
520
521
521
522
522
523
523
524
524
525
525
526
526
527
527
528
528
529
529
530
530
531
531
532
532
533
533
534
534
535
535
536
536
537
537
538
538
539
540
540
541
541
542
542
543
543
544
544
545
545
546
546
547
547
548
548
549
549
550
550
551
551
552
552
553
553
554
554
555
555
556
556
557
557
558
558
559
559
560
560
561
561
562
562
563
563
564
564
565
565
566
566
567
567
568
568
569
570
570
571
571
572
572
573
573
574
574
575
575
576
576
577
577
578
578
579
579
580
580
581
581
582
582
583
583
584
584
585
585
586
586
587
587
588
588
589
589
590
590
591
591
592
592
593
593
594
594
595
595
596
596
597
597
598
598
599
600
600
601
601
602
602
603
603
604
604
605
605
606
606
607
607
608
608
609
609
610
610
611
611
612
612
613
613
614
614
615
615
616
616
617
617
618
618
619
619
620
620
621
621
622
622
623
623
624
624
625
625
626
626
627
627
628
628
629
630
630
631
631
632
632
633
633
634
634
635
635
636
636
637
637
638
638
639
639
640
640
641
641
642
642
643
643
644
644
645
645
646
646
647
647
648
648
649
649
650
650
651
651
652
652
653
653
654
654
655
655
656
656
657
657
658
658
659
660
660
661
661
662
662
663
663
664
664
665
665
666
666
667
667
668
668
669
669
670
670
671
671
672
672
673
673
674
674
675
675
676
676
677
677
678
678
679
679
680
680
681
681
682
682
683
683
684
684
685
685
686
686
687
687
688
688
689
690
690
691
691
692
692
693
693
694
694
695
695
696
696
697
697
698
698
699
699
700
700
701
701
702
702
703
703
704
704
705
705
706
706
707
707
708
708
709
709
710
710
711
711
712
712
713
713
714
714
715
715
716
716
717
717
718
718
719
720
720
721
721
722
722
723
723
724
724
725
725
726
726
727
727
728
728
729
729
730
730
731
731
732
732
733
733
734
734
735
735
736
736
737
737
738
738
739
739
740
740
741
741
742
742
743
743
744
744
745
745
746
746
747
747
748
748
749
750
750
751
751
752
752
753
753
754
754
755
755
756
756
757
757
758
758
759
759
760
760
761
761
762
762
763
763
764
764
765
765
766
766
767
767
768
768
769
769
770
770
771
771
772
772
773
773
774
774
775
775
776
776
777
777
778
778
779
780
780
781
781
782
782
783
783
784
784
785
785
786
786
787
787
788
788
789
789
790
790
791
791
792
792
793
793
794
794
795
795
796
796
797
797
798
798
799
799
800
800
801
801
802
802
803
803
804
804
805
805
806
806
807
807
808
808
809
810
810
811
811
812
812
813
813
814
814
815
815
816
816
817
817
818
818
819
819
820
820
821
821
822
822
823
823
824
824
825
825
826
826
827
827
828
828
829
829
830
830
831
831
832
832
833
833
834
834
835
835
836
836
837
837
838
838
839
840
840
841
841
842
842
843
843
844
844
845
845
846
846
847
847
848
848
849
849
850
850
851
851
852
852
853
853
854
854
855
855
856
856
857
857
858
858
859
859
860
860
861
861
862
862
863
863
864
864
865
865
866
866
867
867
868
868
869
870
871
872
873
874
875
876
877
878
879
880
881
882
883
884
885
886
887
888
889
890
891
892
893
894
895
896
897
898
0
30
60
90
120
150
180
210
240
270
300
330
360
390
420
450
480
510
540
570
600
630
660
690
720
750
780
810
840
870
1
31
61
91
121
151
181
211
241
271
301
331
361
391
421
451
481
511
541
571
601
631
661
691
721
751
781
811
841
871
2
32
62
92
122
152
182
212
242
272
302
332
362
392
422
452
482
512
542
572
602
632
662
692
722
752
782
812
842
872
3
33
63
93
123
153
183
213
243
273
303
333
363
393
423
453
483
513
543
573
603
633
663
693
723
753
783
813
843
873
4
34
64
94
124
154
184
214
244
274
304
334
364
394
424
454
484
514
544
574
604
634
664
694
724
754
784
814
844
874
5
35
65
95
125
155
185
215
245
275
305
335
365
395
425
455
485
515
545
575
605
635
665
695
725
755
785
815
845
875
6
36
66
96
126
156
186
216
246
276
306
336
366
396
426
456
486
516
546
576
606
636
666
696
726
756
786
816
846
876
7
37
67
97
127
157
187
217
247
277
307
337
367
397
427
457
487
517
547
577
607
637
667
697
727
757
787
817
847
877
8
38
68
98
128
158
188
218
248
278
308
338
368
398
428
458
488
518
548
578
608
638
668
698
728
758
788
818
848
878
9
39
69
99
129
159
189
219
249
279
309
339
369
399
429
459
489
519
549
579
609
639
669
699
729
759
789
819
849
879
10
40
70
100
130
160
190
220
250
280
310
340
370
400
430
460
490
520
550
580
610
640
670
700
730
760
790
820
850
880
11
41
71
101
131
161
191
221
251
281
311
341
371
401
431
461
491
521
551
581
611
641
671
701
731
761
791
821
851
881
12
42
72
102
132
162
192
222
252
282
312
342
372
402
432
462
492
522
552
582
612
642
672
702
732
762
792
822
852
882
13
43
73
103
133
163
193
223
253
283
313
343
373
403
433
463
493
523
553
583
613
643
673
703
733
763
793
823
853
883
14
44
74
104
134
164
194
224
254
284
314
344
374
404
434
464
494
524
554
584
614
644
674
704
734
764
794
824
854
884
15
45
75
105
135
165
195
225
255
285
315
345
375
405
435
465
495
525
555
585
615
645
675
705
735
765
795
825
855
885
16
46
76
106
136
166
196
226
256
286
316
346
376
406
436
466
496
526
556
586
616
646
676
706
736
766
796
826
856
886
17
47
77
107
137
167
197
227
257
287
317
347
377
407
437
467
497
527
557
587
617
647
677
707
737
767
797
827
857
887
18
48
78
108
138
168
198
228
258
288
318
348
378
408
438
468
498
528
558
588
618
648
678
708
738
768
798
828
858
888
19
49
79
109
139
169
199
229
259
289
319
349
379
409
439
469
499
529
559
589
619
649
679
709
739
769
799
829
859
889
20
50
80
110
140
170
200
230
260
290
320
350
380
410
440
470
500
530
560
590
620
650
680
710
740
770
800
830
860
890
21
51
81
111
141
171
201
231
261
291
321
351
381
411
441
471
501
531
561
591
621
651
681
711
741
771
801
831
861
891
22
52
82
112
142
172
202
232
262
292
322
352
382
412
442
472
502
532
562
592
622
652
682
712
742
772
802
832
862
892
23
53
83
113
143
173
203
233
263
293
323
353
383
413
443
473
503
533
563
593
623
653
683
713
743
773
803
833
863
893
24
54
84
114
144
174
204
234
264
294
324
354
384
414
444
474
504
534
564
594
624
654
684
714
744
774
804
834
864
894
25
55
85
115
145
175
205
235
265
295
325
355
385
415
445
475
505
535
565
595
625
655
685
715
745
775
805
835
865
895
26
56
86
116
146
176
206
236
266
296
326
356
386
416
446
476
506
536
566
596
626
656
686
716
746
776
806
836
866
896
27
57
87
117
147
177
207
237
267
297
327
357
387
417
447
477
507
537
567
597
627
657
687
717
747
777
807
837
867
897
28
58
88
118
148
178
208
238
268
298
328
358
388
418
448
478
508
538
568
598
628
658
688
718
748
778
808
838
868
898
29
59
89
119
149
179
209
239
269
299
329
359
389
419
449
479
509
539
569
599
629
659
689
719
749
779
809
839
869
899
0
30
60
90
120
150
180
210
240
270
300
330
360
390
420
450
480
510
540
570
600
630
660
690
720
750
780
810
840
870
1
31
61
91
121
151
181
211
241
271
301
331
361
391
421
451
481
511
541
571
601
631
661
691
721
751
781
811
841
871
2
32
62
92
122
152
182
212
242
272
302
332
362
392
422
452
482
512
542
572
602
632
662
692
722
752
782
812
842
872
3
33
63
93
123
153
183
213
243
273
303
333
363
393
423
453
483
513
543
573
603
633
663
693
723
753
783
813
843
873
4
34
64
94
124
154
184
214
244
274
304
334
364
394
424
454
484
514
544
574
604
634
664
694
724
754
784
814
844
874
5
35
65
95
125
155
185
215
245
275
305
335
365
395
425
455
485
515
545
575
605
635
665
695
725
755
785
815
845
875
6
36
66
96
126
156
186
216
246
276
306
336
366
396
426
456
486
516
546
576
606
636
666
696
726
756
786
816
846
876
7
37
67
97
127
157
187
217
247
277
307
337
367
397
427
457
487
517
547
577
607
637
667
697
727
757
787
817
847
877
8
38
68
98
128
158
188
218
248
278
308
338
368
398
428
458
488
518
548
578
608
638
668
698
728
758
788
818
848
878
9
39
69
99
129
159
189
219
249
279
309
339
369
399
429
459
489
519
549
579
609
639
669
699
729
759
789
819
849
879
10
40
70
100
130
160
190
220
250
280
310
340
370
400
430
460
490
520
550
580
610
640
670
700
730
760
790
820
850
880
11
41
71
101
131
161
191
221
251
281
311
341
371
401
431
461
491
521
551
581
611
641
671
701
731
761
791
821
851
881
12
42
72
102
132
162
192
222
252
282
312
342
372
402
432
462
492
522
552
582
612
642
672
702
732
762
792
822
852
882
13
43
73
103
133
163
193
223
253
283
313
343
373
403
433
463
493
523
553
583
613
643
673
703
733
763
793
823
853
883
14
44
74
104
134
164
194
224
254
284
314
344
374
404
434
464
494
524
554
584
614
644
674
704
734
764
794
824
854
884
15
45
75
105
135
165
195
225
255
285
315
345
375
405
435
465
495
525
555
585
615
645
675
705
735
765
795
825
855
885
16
46
76
106
136
166
196
226
256
286
316
346
376
406
436
466
496
526
556
586
616
646
676
706
736
766
796
826
856
886
17
47
77
107
137
167
197
227
257
287
317
347
377
407
437
467
497
527
557
587
617
647
677
707
737
767
797
827
857
887
18
48
78
108
138
168
198
228
258
288
318
348
378
408
438
468
498
528
558
588
618
648
678
708
738
768
798
828
858
888
19
49
79
109
139
169
199
229
259
289
319
349
379
409
439
469
499
529
559
589
619
649
679
709
739
769
799
829
859
889
20
50
80
110
140
170
200
230
260
290
320
350
380
410
440
470
500
530
560
590
620
650
680
710
740
770
800
830
860
890
21
51
81
111
141
171
201
231
261
291
321
351
381
411
441
471
501
531
561
591
621
651
681
711
741
771
801
831
861
891
22
52
82
112
142
172
202
232
262
292
322
352
382
412
442
472
502
532
562
592
622
652
682
712
742
772
802
832
862
892
23
53
83
113
143
173
203
233
263
293
323
353
383
413
443
473
503
533
563
593
623
653
683
713
743
773
803
833
863
893
24
54
84
114
144
174
204
234
264
294
324
354
384
414
444
474
504
534
564
594
624
654
684
714
744
774
804
834
864
894
25
55
85
115
145
175
205
235
265
295
325
355
385
415
445
475
505
535
565
595
625
655
685
715
745
775
805
835
865
895
26
56
86
116
146
176
206
236
266
296
326
356
386
416
446
476
506
536
566
596
626
656
686
716
746
776
806
836
866
896
27
57
87
117
147
177
207
237
267
297
327
357
387
417
447
477
507
537
567
597
627
657
687
717
747
777
807
837
867
897
28
58
88
118
148
178
208
238
268
298
328
358
388
418
448
478
508
538
568
598
628
658
688
718
748
778
808
838
868
898
29
59
89
119
149
179
209
239
269
299
329
359
389
419
449
479
509
539
569
599
629
659
689
719
749
779
809
839
869
899
0
30
60
90
120
150
180
210
240
270
300
330
360
390
420
450
480
510
540
570
600
630
660
690
720
750
780
810
840
870
29
59
89
119
149
179
209
239
269
299
329
359
389
419
449
479
509
539
569
599
629
659
689
719
749
779
809
839
869
899
870
871
872
873
874
875
876
877
878
879
880
881
882
883
884
885
886
887
888
889
890
891
892
893
894
895
896
897
898
899
0
1
2
3
4
5
6
7
8
9
10
11
12
13
14
15
16
17
18
19
20
21
22
23
24
25
26
27
28
29
)


// ************************************************************************* //
