/*--------------------------------*- C++ -*----------------------------------*\
| =========                 |                                                 |
| \\      /  F ield         | foam-extend: Open Source CFD                    |
|  \\    /   O peration     | Version:     4.0                                |
|   \\  /    A nd           | Web:         http://www.foam-extend.org         |
|    \\/     M anipulation  |                                                 |
\*---------------------------------------------------------------------------*/
FoamFile
{
    version     2.0;
    format      ascii;
    class       vectorField;
    location    "constant/polyMesh";
    object      points;
}
// * * * * * * * * * * * * * * * * * * * * * * * * * * * * * * * * * * * * * //


1922
(
(7 0 0)
(7.3875 0 0)
(7.775 0 0)
(8.1625 0 0)
(8.55 0 0)
(8.9375 0 0)
(9.325 0 0)
(9.7125 0 0)
(10.1 0 0)
(10.4875 0 0)
(10.875 0 0)
(11.2625 0 0)
(11.65 0 0)
(12.0375 0 0)
(12.425 0 0)
(12.8125 0 0)
(13.2 0 0)
(13.5875 0 0)
(13.975 0 0)
(14.3625 0 0)
(14.75 0 0)
(15.1375 0 0)
(15.525 0 0)
(15.9125 0 0)
(16.3 0 0)
(16.6875 0 0)
(17.075 0 0)
(17.4625 0 0)
(17.85 0 0)
(18.2375 0 0)
(18.625 0 0)
(6.990450041 0.3663651508 0)
(7.377418321 0.3866451272 0)
(7.764386601 0.4069251037 0)
(8.151354881 0.4272050801 0)
(8.53832316 0.4474850565 0)
(8.92529144 0.4677650329 0)
(9.31225972 0.4880450094 0)
(9.699228 0.5083249858 0)
(10.08619628 0.5286049622 0)
(10.47316456 0.5488849387 0)
(10.86013284 0.5691649151 0)
(11.24710112 0.5894448915 0)
(11.6340694 0.6097248679 0)
(12.02103768 0.6300048444 0)
(12.40800596 0.6502848208 0)
(12.79497424 0.6705647972 0)
(13.18194252 0.6908447737 0)
(13.5689108 0.7111247501 0)
(13.95587908 0.7314047265 0)
(14.34284736 0.751684703 0)
(14.72981564 0.7719646794 0)
(15.11678392 0.7922446558 0)
(15.5037522 0.8125246322 0)
(15.89072048 0.8328046087 0)
(16.27768876 0.8530845851 0)
(16.66465704 0.8733645615 0)
(17.05162532 0.893644538 0)
(17.4385936 0.9139245144 0)
(17.82556188 0.9342044908 0)
(18.21253016 0.9544844672 0)
(18.59949844 0.9747644437 0)
(6.961736099 0.7317281689 0)
(7.347112062 0.7722325043 0)
(7.732488024 0.8127368397 0)
(8.117863987 0.853241175 0)
(8.503239949 0.8937455104 0)
(8.888615912 0.9342498458 0)
(9.273991874 0.9747541812 0)
(9.659367837 1.015258517 0)
(10.0447438 1.055762852 0)
(10.43011976 1.096267187 0)
(10.81549572 1.136771523 0)
(11.20087169 1.177275858 0)
(11.58624765 1.217780194 0)
(11.97162361 1.258284529 0)
(12.35699957 1.298788864 0)
(12.74237554 1.3392932 0)
(13.1277515 1.379797535 0)
(13.51312746 1.42030187 0)
(13.89850342 1.460806206 0)
(14.28387939 1.501310541 0)
(14.66925535 1.541814877 0)
(15.05463131 1.582319212 0)
(15.44000727 1.622823547 0)
(15.82538324 1.663327883 0)
(16.2107592 1.703832218 0)
(16.59613516 1.744336554 0)
(16.98151113 1.784840889 0)
(17.36688709 1.825345224 0)
(17.75226305 1.86584956 0)
(18.13763901 1.906353895 0)
(18.52301498 1.946858231 0)
(6.913936902 1.095087306 0)
(7.296664314 1.155704954 0)
(7.679391727 1.216322602 0)
(8.062119139 1.27694025 0)
(8.444846551 1.337557898 0)
(8.827573963 1.398175546 0)
(9.210301375 1.458793194 0)
(9.593028787 1.519410843 0)
(9.975756199 1.580028491 0)
(10.35848361 1.640646139 0)
(10.74121102 1.701263787 0)
(11.12393844 1.761881435 0)
(11.50666585 1.822499083 0)
(11.88939326 1.883116731 0)
(12.27212067 1.94373438 0)
(12.65484808 2.004352028 0)
(13.0375755 2.064969676 0)
(13.42030291 2.125587324 0)
(13.80303032 2.186204972 0)
(14.18575773 2.24682262 0)
(14.56848514 2.307440268 0)
(14.95121256 2.368057917 0)
(15.33393997 2.428675565 0)
(15.71666738 2.489293213 0)
(16.09939479 2.549910861 0)
(16.4821222 2.610528509 0)
(16.86484962 2.671146157 0)
(17.24757703 2.731763805 0)
(17.63030444 2.792381454 0)
(18.01303185 2.852999102 0)
(18.39575926 2.91361675 0)
(6.847183506 1.455446306 0)
(7.226213393 1.536011097 0)
(7.605243281 1.616575887 0)
(7.984273168 1.697140677 0)
(8.363303055 1.777705468 0)
(8.742332943 1.858270258 0)
(9.12136283 1.938835048 0)
(9.500392717 2.019399838 0)
(9.879422605 2.099964629 0)
(10.25845249 2.180529419 0)
(10.63748238 2.261094209 0)
(11.01651227 2.341659 0)
(11.39554215 2.42222379 0)
(11.77457204 2.50278858 0)
(12.15360193 2.58335337 0)
(12.53263182 2.663918161 0)
(12.9116617 2.744482951 0)
(13.29069159 2.825047741 0)
(13.66972148 2.905612532 0)
(14.04875137 2.986177322 0)
(14.42778125 3.066742112 0)
(14.80681114 3.147306902 0)
(15.18584103 3.227871693 0)
(15.56487091 3.308436483 0)
(15.9439008 3.389001273 0)
(16.32293069 3.469566064 0)
(16.70196058 3.550130854 0)
(17.08099046 3.630695644 0)
(17.46002035 3.711260434 0)
(17.83905024 3.791825225 0)
(18.21808013 3.872390015 0)
(6.761658933 1.811817143 0)
(7.135952455 1.912108236 0)
(7.510245978 2.012399328 0)
(7.8845395 2.112690421 0)
(8.258833022 2.212981514 0)
(8.633126544 2.313272607 0)
(9.007420066 2.4135637 0)
(9.381713588 2.513854793 0)
(9.75600711 2.614145886 0)
(10.13030063 2.714436978 0)
(10.50459415 2.814728071 0)
(10.87888768 2.915019164 0)
(11.2531812 3.015310257 0)
(11.62747472 3.11560135 0)
(12.00176824 3.215892443 0)
(12.37606177 3.316183535 0)
(12.75035529 3.416474628 0)
(13.12464881 3.516765721 0)
(13.49894233 3.617056814 0)
(13.87323585 3.717347907 0)
(14.24752938 3.817639 0)
(14.6218229 3.917930093 0)
(14.99611642 4.018221185 0)
(15.37040994 4.118512278 0)
(15.74470346 4.218803371 0)
(16.11899699 4.319094464 0)
(16.49329051 4.419385557 0)
(16.86758403 4.51967665 0)
(17.24187755 4.619967743 0)
(17.61617107 4.720258835 0)
(17.9904646 4.820549928 0)
(6.657597675 2.16322272 0)
(7.026128973 2.282965212 0)
(7.39466027 2.402707705 0)
(7.763191567 2.522450197 0)
(8.131722865 2.642192689 0)
(8.500254162 2.761935181 0)
(8.868785459 2.881677673 0)
(9.237316757 3.001420165 0)
(9.605848054 3.121162657 0)
(9.974379351 3.240905149 0)
(10.34291065 3.360647642 0)
(10.71144195 3.480390134 0)
(11.07997324 3.600132626 0)
(11.44850454 3.719875118 0)
(11.81703584 3.83961761 0)
(12.18556714 3.959360102 0)
(12.55409843 4.079102594 0)
(12.92262973 4.198845086 0)
(13.29116103 4.318587579 0)
(13.65969232 4.438330071 0)
(14.02822362 4.558072563 0)
(14.39675492 4.677815055 0)
(14.76528622 4.797557547 0)
(15.13381751 4.917300039 0)
(15.50234881 5.037042531 0)
(15.87088011 5.156785023 0)
(16.23941141 5.276527516 0)
(16.6079427 5.396270008 0)
(16.976474 5.5160125 0)
(17.3450053 5.635754992 0)
(17.71353659 5.755497484 0)
(6.535285046 2.508699559 0)
(6.897044051 2.647565237 0)
(7.258803057 2.786430915 0)
(7.620562062 2.925296593 0)
(7.982321068 3.06416227 0)
(8.344080073 3.203027948 0)
(8.705839079 3.341893626 0)
(9.067598084 3.480759304 0)
(9.429357089 3.619624982 0)
(9.791116095 3.758490659 0)
(10.1528751 3.897356337 0)
(10.51463411 4.036222015 0)
(10.87639311 4.175087693 0)
(11.23815212 4.313953371 0)
(11.59991112 4.452819048 0)
(11.96167013 4.591684726 0)
(12.32342913 4.730550404 0)
(12.68518814 4.869416082 0)
(13.04694714 5.00828176 0)
(13.40870615 5.147147437 0)
(13.77046515 5.286013115 0)
(14.13222416 5.424878793 0)
(14.49398317 5.563744471 0)
(14.85574217 5.702610149 0)
(15.21750118 5.841475826 0)
(15.57926018 5.980341504 0)
(15.94101919 6.119207182 0)
(16.30277819 6.25807286 0)
(16.6645372 6.396938538 0)
(17.0262962 6.535804215 0)
(17.38805521 6.674669893 0)
(6.395056401 2.847300434 0)
(6.749051608 3.004908673 0)
(7.103046815 3.162516912 0)
(7.457042022 3.320125151 0)
(7.81103723 3.477733391 0)
(8.165032437 3.63534163 0)
(8.519027644 3.792949869 0)
(8.873022851 3.950558108 0)
(9.227018058 4.108166347 0)
(9.581013266 4.265774586 0)
(9.935008473 4.423382825 0)
(10.28900368 4.580991064 0)
(10.64299889 4.738599304 0)
(10.99699409 4.896207543 0)
(11.3509893 5.053815782 0)
(11.70498451 5.211424021 0)
(12.05897972 5.36903226 0)
(12.41297492 5.526640499 0)
(12.76697013 5.684248738 0)
(13.12096534 5.841856977 0)
(13.47496054 5.999465217 0)
(13.82895575 6.157073456 0)
(14.18295096 6.314681695 0)
(14.53694617 6.472289934 0)
(14.89094137 6.629898173 0)
(15.24493658 6.787506412 0)
(15.59893179 6.945114651 0)
(15.952927 7.10272289 0)
(16.3069222 7.26033113 0)
(16.66091741 7.417939369 0)
(17.01491262 7.575547608 0)
(6.237296217 3.178096973 0)
(6.582557398 3.354015781 0)
(6.927818579 3.52993459 0)
(7.27307976 3.705853398 0)
(7.618340941 3.881772207 0)
(7.963602122 4.057691015 0)
(8.308863302 4.233609824 0)
(8.654124483 4.409528632 0)
(8.999385664 4.585447441 0)
(9.344646845 4.761366249 0)
(9.689908026 4.937285058 0)
(10.03516921 5.113203866 0)
(10.38043039 5.289122675 0)
(10.72569157 5.465041483 0)
(11.07095275 5.640960292 0)
(11.41621393 5.8168791 0)
(11.76147511 5.992797909 0)
(12.10673629 6.168716717 0)
(12.45199747 6.344635526 0)
(12.79725865 6.520554334 0)
(13.14251983 6.696473143 0)
(13.48778101 6.872391951 0)
(13.8330422 7.04831076 0)
(14.17830338 7.224229568 0)
(14.52356456 7.400148377 0)
(14.86882574 7.576067185 0)
(15.21408692 7.751985994 0)
(15.5593481 7.927904802 0)
(15.90460928 8.103823611 0)
(16.24987046 8.279742419 0)
(16.59513164 8.455661228 0)
(6.062437041 3.5001822 0)
(6.398017904 3.693929403 0)
(6.733598768 3.887676605 0)
(7.069179632 4.081423807 0)
(7.404760495 4.275171009 0)
(7.740341359 4.468918212 0)
(8.075922223 4.662665414 0)
(8.411503086 4.856412616 0)
(8.74708395 5.050159819 0)
(9.082664813 5.243907021 0)
(9.418245677 5.437654223 0)
(9.753826541 5.631401426 0)
(10.0894074 5.825148628 0)
(10.42498827 6.01889583 0)
(10.76056913 6.212643032 0)
(11.09614999 6.406390235 0)
(11.43173086 6.600137437 0)
(11.76731172 6.793884639 0)
(12.10289259 6.987631842 0)
(12.43847345 7.181379044 0)
(12.77405431 7.375126246 0)
(13.10963518 7.568873449 0)
(13.44521604 7.762620651 0)
(13.7807969 7.956367853 0)
(14.11637777 8.150115056 0)
(14.45195863 8.343862258 0)
(14.78753949 8.53760946 0)
(15.12312036 8.731356662 0)
(15.45870122 8.925103865 0)
(15.79428209 9.118851067 0)
(16.12986295 9.312598269 0)
(5.870958298 3.812673027 0)
(6.195939085 4.023717585 0)
(6.520919871 4.234762143 0)
(6.845900657 4.445806702 0)
(7.170881444 4.65685126 0)
(7.49586223 4.867895819 0)
(7.820843016 5.078940377 0)
(8.145823802 5.289984935 0)
(8.470804589 5.501029494 0)
(8.795785375 5.712074052 0)
(9.120766161 5.923118611 0)
(9.445746948 6.134163169 0)
(9.770727734 6.345207727 0)
(10.09570852 6.556252286 0)
(10.42068931 6.767296844 0)
(10.74567009 6.978341403 0)
(11.07065088 7.189385961 0)
(11.39563167 7.400430519 0)
(11.72061245 7.611475078 0)
(12.04559324 7.822519636 0)
(12.37057402 8.033564195 0)
(12.69555481 8.244608753 0)
(13.0205356 8.455653311 0)
(13.34551638 8.66669787 0)
(13.67049717 8.877742428 0)
(13.99547796 9.088786987 0)
(14.32045874 9.299831545 0)
(14.64543953 9.510876103 0)
(14.97042031 9.721920662 0)
(15.2954011 9.93296522 0)
(15.62038189 10.14400978 0)
(5.663384985 4.114712668 0)
(5.976874985 4.342476138 0)
(6.290364985 4.570239608 0)
(6.603854986 4.798003078 0)
(6.917344986 5.025766548 0)
(7.230834987 5.253530018 0)
(7.544324987 5.481293488 0)
(7.857814988 5.709056958 0)
(8.171304988 5.936820428 0)
(8.484794988 6.164583898 0)
(8.798284989 6.392347368 0)
(9.111774989 6.620110838 0)
(9.42526499 6.847874308 0)
(9.73875499 7.075637778 0)
(10.05224499 7.303401249 0)
(10.36573499 7.531164719 0)
(10.67922499 7.758928189 0)
(10.99271499 7.986691659 0)
(11.30620499 8.214455129 0)
(11.61969499 8.442218599 0)
(11.93318499 8.669982069 0)
(12.24667499 8.897745539 0)
(12.56016499 9.125509009 0)
(12.87365499 9.353272479 0)
(13.18714499 9.581035949 0)
(13.50063499 9.808799419 0)
(13.814125 10.03656289 0)
(14.127615 10.26432636 0)
(14.441105 10.49208983 0)
(14.754595 10.7198533 0)
(15.068085 10.94761677 0)
(5.440286222 4.405472994 0)
(5.741426221 4.64933111 0)
(6.042566219 4.893189226 0)
(6.343706218 5.137047342 0)
(6.644846217 5.380905458 0)
(6.945986215 5.624763574 0)
(7.247126214 5.86862169 0)
(7.548266213 6.112479806 0)
(7.849406211 6.356337921 0)
(8.15054621 6.600196037 0)
(8.451686209 6.844054153 0)
(8.752826208 7.087912269 0)
(9.053966206 7.331770385 0)
(9.355106205 7.575628501 0)
(9.656246204 7.819486617 0)
(9.957386202 8.063344733 0)
(10.2585262 8.307202848 0)
(10.5596662 8.551060964 0)
(10.8608062 8.79491908 0)
(11.1619462 9.038777196 0)
(11.4630862 9.282635312 0)
(11.76422619 9.526493428 0)
(12.06536619 9.770351544 0)
(12.36650619 10.01420966 0)
(12.66764619 10.25806778 0)
(12.96878619 10.50192589 0)
(13.26992619 10.74578401 0)
(13.57106619 10.98964212 0)
(13.87220619 11.23350024 0)
(14.17334618 11.47735835 0)
(14.47448618 11.72121647 0)
(5.2022737 4.684156803 0)
(5.490238329 4.943441188 0)
(5.778202958 5.202725573 0)
(6.066167586 5.462009959 0)
(6.354132215 5.721294344 0)
(6.642096844 5.98057873 0)
(6.930061472 6.239863115 0)
(7.218026101 6.499147501 0)
(7.50599073 6.758431886 0)
(7.793955358 7.017716271 0)
(8.081919987 7.277000657 0)
(8.369884616 7.536285042 0)
(8.657849244 7.795569428 0)
(8.945813873 8.054853813 0)
(9.233778502 8.314138198 0)
(9.52174313 8.573422584 0)
(9.809707759 8.832706969 0)
(10.09767239 9.091991355 0)
(10.38563702 9.35127574 0)
(10.67360165 9.610560125 0)
(10.96156627 9.869844511 0)
(11.2495309 10.1291289 0)
(11.53749553 10.38841328 0)
(11.82546016 10.64769767 0)
(12.11342479 10.90698205 0)
(12.40138942 11.16626644 0)
(12.68935405 11.42555082 0)
(12.97731867 11.68483521 0)
(13.2652833 11.94411959 0)
(13.55324793 12.20340398 0)
(13.84121256 12.46268836 0)
(4.95 4.95 0)
(5.224 5.224 0)
(5.498 5.498 0)
(5.772 5.772 0)
(6.046 6.046 0)
(6.32 6.32 0)
(6.594 6.594 0)
(6.868 6.868 0)
(7.142 7.142 0)
(7.416 7.416 0)
(7.69 7.69 0)
(7.964 7.964 0)
(8.238 8.238 0)
(8.512 8.512 0)
(8.786 8.786 0)
(9.06 9.06 0)
(9.334 9.334 0)
(9.608 9.608 0)
(9.882 9.882 0)
(10.156 10.156 0)
(10.43 10.43 0)
(10.704 10.704 0)
(10.978 10.978 0)
(11.252 11.252 0)
(11.526 11.526 0)
(11.8 11.8 0)
(12.074 12.074 0)
(12.348 12.348 0)
(12.622 12.622 0)
(12.896 12.896 0)
(13.17 13.17 0)
(4.684156803 5.2022737 0)
(4.943441188 5.490238329 0)
(5.202725573 5.778202958 0)
(5.462009959 6.066167586 0)
(5.721294344 6.354132215 0)
(5.98057873 6.642096844 0)
(6.239863115 6.930061472 0)
(6.499147501 7.218026101 0)
(6.758431886 7.50599073 0)
(7.017716271 7.793955358 0)
(7.277000657 8.081919987 0)
(7.536285042 8.369884616 0)
(7.795569428 8.657849244 0)
(8.054853813 8.945813873 0)
(8.314138198 9.233778502 0)
(8.573422584 9.52174313 0)
(8.832706969 9.809707759 0)
(9.091991355 10.09767239 0)
(9.35127574 10.38563702 0)
(9.610560125 10.67360165 0)
(9.869844511 10.96156627 0)
(10.1291289 11.2495309 0)
(10.38841328 11.53749553 0)
(10.64769767 11.82546016 0)
(10.90698205 12.11342479 0)
(11.16626644 12.40138942 0)
(11.42555082 12.68935405 0)
(11.68483521 12.97731867 0)
(11.94411959 13.2652833 0)
(12.20340398 13.55324793 0)
(12.46268836 13.84121256 0)
(4.405472994 5.440286222 0)
(4.64933111 5.741426221 0)
(4.893189226 6.042566219 0)
(5.137047342 6.343706218 0)
(5.380905458 6.644846217 0)
(5.624763574 6.945986215 0)
(5.86862169 7.247126214 0)
(6.112479806 7.548266213 0)
(6.356337921 7.849406211 0)
(6.600196037 8.15054621 0)
(6.844054153 8.451686209 0)
(7.087912269 8.752826208 0)
(7.331770385 9.053966206 0)
(7.575628501 9.355106205 0)
(7.819486617 9.656246204 0)
(8.063344733 9.957386202 0)
(8.307202848 10.2585262 0)
(8.551060964 10.5596662 0)
(8.79491908 10.8608062 0)
(9.038777196 11.1619462 0)
(9.282635312 11.4630862 0)
(9.526493428 11.76422619 0)
(9.770351544 12.06536619 0)
(10.01420966 12.36650619 0)
(10.25806778 12.66764619 0)
(10.50192589 12.96878619 0)
(10.74578401 13.26992619 0)
(10.98964212 13.57106619 0)
(11.23350024 13.87220619 0)
(11.47735835 14.17334618 0)
(11.72121647 14.47448618 0)
(4.114712668 5.663384985 0)
(4.342476138 5.976874985 0)
(4.570239608 6.290364985 0)
(4.798003078 6.603854986 0)
(5.025766548 6.917344986 0)
(5.253530018 7.230834987 0)
(5.481293488 7.544324987 0)
(5.709056958 7.857814988 0)
(5.936820428 8.171304988 0)
(6.164583898 8.484794988 0)
(6.392347368 8.798284989 0)
(6.620110838 9.111774989 0)
(6.847874308 9.42526499 0)
(7.075637778 9.73875499 0)
(7.303401249 10.05224499 0)
(7.531164719 10.36573499 0)
(7.758928189 10.67922499 0)
(7.986691659 10.99271499 0)
(8.214455129 11.30620499 0)
(8.442218599 11.61969499 0)
(8.669982069 11.93318499 0)
(8.897745539 12.24667499 0)
(9.125509009 12.56016499 0)
(9.353272479 12.87365499 0)
(9.581035949 13.18714499 0)
(9.808799419 13.50063499 0)
(10.03656289 13.814125 0)
(10.26432636 14.127615 0)
(10.49208983 14.441105 0)
(10.7198533 14.754595 0)
(10.94761677 15.068085 0)
(3.812673027 5.870958298 0)
(4.023717585 6.195939085 0)
(4.234762143 6.520919871 0)
(4.445806702 6.845900657 0)
(4.65685126 7.170881444 0)
(4.867895819 7.49586223 0)
(5.078940377 7.820843016 0)
(5.289984935 8.145823802 0)
(5.501029494 8.470804589 0)
(5.712074052 8.795785375 0)
(5.923118611 9.120766161 0)
(6.134163169 9.445746948 0)
(6.345207727 9.770727734 0)
(6.556252286 10.09570852 0)
(6.767296844 10.42068931 0)
(6.978341403 10.74567009 0)
(7.189385961 11.07065088 0)
(7.400430519 11.39563167 0)
(7.611475078 11.72061245 0)
(7.822519636 12.04559324 0)
(8.033564195 12.37057402 0)
(8.244608753 12.69555481 0)
(8.455653311 13.0205356 0)
(8.66669787 13.34551638 0)
(8.877742428 13.67049717 0)
(9.088786987 13.99547796 0)
(9.299831545 14.32045874 0)
(9.510876103 14.64543953 0)
(9.721920662 14.97042031 0)
(9.93296522 15.2954011 0)
(10.14400978 15.62038189 0)
(3.5001822 6.062437041 0)
(3.693929403 6.398017904 0)
(3.887676605 6.733598768 0)
(4.081423807 7.069179632 0)
(4.275171009 7.404760495 0)
(4.468918212 7.740341359 0)
(4.662665414 8.075922223 0)
(4.856412616 8.411503086 0)
(5.050159819 8.74708395 0)
(5.243907021 9.082664813 0)
(5.437654223 9.418245677 0)
(5.631401426 9.753826541 0)
(5.825148628 10.0894074 0)
(6.01889583 10.42498827 0)
(6.212643032 10.76056913 0)
(6.406390235 11.09614999 0)
(6.600137437 11.43173086 0)
(6.793884639 11.76731172 0)
(6.987631842 12.10289259 0)
(7.181379044 12.43847345 0)
(7.375126246 12.77405431 0)
(7.568873449 13.10963518 0)
(7.762620651 13.44521604 0)
(7.956367853 13.7807969 0)
(8.150115056 14.11637777 0)
(8.343862258 14.45195863 0)
(8.53760946 14.78753949 0)
(8.731356662 15.12312036 0)
(8.925103865 15.45870122 0)
(9.118851067 15.79428209 0)
(9.312598269 16.12986295 0)
(3.178096973 6.237296217 0)
(3.354015781 6.582557398 0)
(3.52993459 6.927818579 0)
(3.705853398 7.27307976 0)
(3.881772207 7.618340941 0)
(4.057691015 7.963602122 0)
(4.233609824 8.308863302 0)
(4.409528632 8.654124483 0)
(4.585447441 8.999385664 0)
(4.761366249 9.344646845 0)
(4.937285058 9.689908026 0)
(5.113203866 10.03516921 0)
(5.289122675 10.38043039 0)
(5.465041483 10.72569157 0)
(5.640960292 11.07095275 0)
(5.8168791 11.41621393 0)
(5.992797909 11.76147511 0)
(6.168716717 12.10673629 0)
(6.344635526 12.45199747 0)
(6.520554334 12.79725865 0)
(6.696473143 13.14251983 0)
(6.872391951 13.48778101 0)
(7.04831076 13.8330422 0)
(7.224229568 14.17830338 0)
(7.400148377 14.52356456 0)
(7.576067185 14.86882574 0)
(7.751985994 15.21408692 0)
(7.927904802 15.5593481 0)
(8.103823611 15.90460928 0)
(8.279742419 16.24987046 0)
(8.455661228 16.59513164 0)
(2.847300434 6.395056401 0)
(3.004908673 6.749051608 0)
(3.162516912 7.103046815 0)
(3.320125151 7.457042022 0)
(3.477733391 7.81103723 0)
(3.63534163 8.165032437 0)
(3.792949869 8.519027644 0)
(3.950558108 8.873022851 0)
(4.108166347 9.227018058 0)
(4.265774586 9.581013266 0)
(4.423382825 9.935008473 0)
(4.580991064 10.28900368 0)
(4.738599304 10.64299889 0)
(4.896207543 10.99699409 0)
(5.053815782 11.3509893 0)
(5.211424021 11.70498451 0)
(5.36903226 12.05897972 0)
(5.526640499 12.41297492 0)
(5.684248738 12.76697013 0)
(5.841856977 13.12096534 0)
(5.999465217 13.47496054 0)
(6.157073456 13.82895575 0)
(6.314681695 14.18295096 0)
(6.472289934 14.53694617 0)
(6.629898173 14.89094137 0)
(6.787506412 15.24493658 0)
(6.945114651 15.59893179 0)
(7.10272289 15.952927 0)
(7.26033113 16.3069222 0)
(7.417939369 16.66091741 0)
(7.575547608 17.01491262 0)
(2.508699559 6.535285046 0)
(2.647565237 6.897044051 0)
(2.786430915 7.258803057 0)
(2.925296593 7.620562062 0)
(3.06416227 7.982321068 0)
(3.203027948 8.344080073 0)
(3.341893626 8.705839079 0)
(3.480759304 9.067598084 0)
(3.619624982 9.429357089 0)
(3.758490659 9.791116095 0)
(3.897356337 10.1528751 0)
(4.036222015 10.51463411 0)
(4.175087693 10.87639311 0)
(4.313953371 11.23815212 0)
(4.452819048 11.59991112 0)
(4.591684726 11.96167013 0)
(4.730550404 12.32342913 0)
(4.869416082 12.68518814 0)
(5.00828176 13.04694714 0)
(5.147147437 13.40870615 0)
(5.286013115 13.77046515 0)
(5.424878793 14.13222416 0)
(5.563744471 14.49398317 0)
(5.702610149 14.85574217 0)
(5.841475826 15.21750118 0)
(5.980341504 15.57926018 0)
(6.119207182 15.94101919 0)
(6.25807286 16.30277819 0)
(6.396938538 16.6645372 0)
(6.535804215 17.0262962 0)
(6.674669893 17.38805521 0)
(2.16322272 6.657597675 0)
(2.282965212 7.026128973 0)
(2.402707705 7.39466027 0)
(2.522450197 7.763191567 0)
(2.642192689 8.131722865 0)
(2.761935181 8.500254162 0)
(2.881677673 8.868785459 0)
(3.001420165 9.237316757 0)
(3.121162657 9.605848054 0)
(3.240905149 9.974379351 0)
(3.360647642 10.34291065 0)
(3.480390134 10.71144195 0)
(3.600132626 11.07997324 0)
(3.719875118 11.44850454 0)
(3.83961761 11.81703584 0)
(3.959360102 12.18556714 0)
(4.079102594 12.55409843 0)
(4.198845086 12.92262973 0)
(4.318587579 13.29116103 0)
(4.438330071 13.65969232 0)
(4.558072563 14.02822362 0)
(4.677815055 14.39675492 0)
(4.797557547 14.76528622 0)
(4.917300039 15.13381751 0)
(5.037042531 15.50234881 0)
(5.156785023 15.87088011 0)
(5.276527516 16.23941141 0)
(5.396270008 16.6079427 0)
(5.5160125 16.976474 0)
(5.635754992 17.3450053 0)
(5.755497484 17.71353659 0)
(1.811817143 6.761658933 0)
(1.912108236 7.135952455 0)
(2.012399328 7.510245978 0)
(2.112690421 7.8845395 0)
(2.212981514 8.258833022 0)
(2.313272607 8.633126544 0)
(2.4135637 9.007420066 0)
(2.513854793 9.381713588 0)
(2.614145886 9.75600711 0)
(2.714436978 10.13030063 0)
(2.814728071 10.50459415 0)
(2.915019164 10.87888768 0)
(3.015310257 11.2531812 0)
(3.11560135 11.62747472 0)
(3.215892443 12.00176824 0)
(3.316183535 12.37606177 0)
(3.416474628 12.75035529 0)
(3.516765721 13.12464881 0)
(3.617056814 13.49894233 0)
(3.717347907 13.87323585 0)
(3.817639 14.24752938 0)
(3.917930093 14.6218229 0)
(4.018221185 14.99611642 0)
(4.118512278 15.37040994 0)
(4.218803371 15.74470346 0)
(4.319094464 16.11899699 0)
(4.419385557 16.49329051 0)
(4.51967665 16.86758403 0)
(4.619967743 17.24187755 0)
(4.720258835 17.61617107 0)
(4.820549928 17.9904646 0)
(1.455446306 6.847183506 0)
(1.536011097 7.226213393 0)
(1.616575887 7.605243281 0)
(1.697140677 7.984273168 0)
(1.777705468 8.363303055 0)
(1.858270258 8.742332943 0)
(1.938835048 9.12136283 0)
(2.019399838 9.500392717 0)
(2.099964629 9.879422605 0)
(2.180529419 10.25845249 0)
(2.261094209 10.63748238 0)
(2.341659 11.01651227 0)
(2.42222379 11.39554215 0)
(2.50278858 11.77457204 0)
(2.58335337 12.15360193 0)
(2.663918161 12.53263182 0)
(2.744482951 12.9116617 0)
(2.825047741 13.29069159 0)
(2.905612532 13.66972148 0)
(2.986177322 14.04875137 0)
(3.066742112 14.42778125 0)
(3.147306902 14.80681114 0)
(3.227871693 15.18584103 0)
(3.308436483 15.56487091 0)
(3.389001273 15.9439008 0)
(3.469566064 16.32293069 0)
(3.550130854 16.70196058 0)
(3.630695644 17.08099046 0)
(3.711260434 17.46002035 0)
(3.791825225 17.83905024 0)
(3.872390015 18.21808013 0)
(1.095087306 6.913936902 0)
(1.155704954 7.296664314 0)
(1.216322602 7.679391727 0)
(1.27694025 8.062119139 0)
(1.337557898 8.444846551 0)
(1.398175546 8.827573963 0)
(1.458793194 9.210301375 0)
(1.519410843 9.593028787 0)
(1.580028491 9.975756199 0)
(1.640646139 10.35848361 0)
(1.701263787 10.74121102 0)
(1.761881435 11.12393844 0)
(1.822499083 11.50666585 0)
(1.883116731 11.88939326 0)
(1.94373438 12.27212067 0)
(2.004352028 12.65484808 0)
(2.064969676 13.0375755 0)
(2.125587324 13.42030291 0)
(2.186204972 13.80303032 0)
(2.24682262 14.18575773 0)
(2.307440268 14.56848514 0)
(2.368057917 14.95121256 0)
(2.428675565 15.33393997 0)
(2.489293213 15.71666738 0)
(2.549910861 16.09939479 0)
(2.610528509 16.4821222 0)
(2.671146157 16.86484962 0)
(2.731763805 17.24757703 0)
(2.792381454 17.63030444 0)
(2.852999102 18.01303185 0)
(2.91361675 18.39575926 0)
(0.7317281689 6.961736099 0)
(0.7722325043 7.347112062 0)
(0.8127368397 7.732488024 0)
(0.853241175 8.117863987 0)
(0.8937455104 8.503239949 0)
(0.9342498458 8.888615912 0)
(0.9747541812 9.273991874 0)
(1.015258517 9.659367837 0)
(1.055762852 10.0447438 0)
(1.096267187 10.43011976 0)
(1.136771523 10.81549572 0)
(1.177275858 11.20087169 0)
(1.217780194 11.58624765 0)
(1.258284529 11.97162361 0)
(1.298788864 12.35699957 0)
(1.3392932 12.74237554 0)
(1.379797535 13.1277515 0)
(1.42030187 13.51312746 0)
(1.460806206 13.89850342 0)
(1.501310541 14.28387939 0)
(1.541814877 14.66925535 0)
(1.582319212 15.05463131 0)
(1.622823547 15.44000727 0)
(1.663327883 15.82538324 0)
(1.703832218 16.2107592 0)
(1.744336554 16.59613516 0)
(1.784840889 16.98151113 0)
(1.825345224 17.36688709 0)
(1.86584956 17.75226305 0)
(1.906353895 18.13763901 0)
(1.946858231 18.52301498 0)
(0.3663651508 6.990450041 0)
(0.3866451272 7.377418321 0)
(0.4069251037 7.764386601 0)
(0.4272050801 8.151354881 0)
(0.4474850565 8.53832316 0)
(0.4677650329 8.92529144 0)
(0.4880450094 9.31225972 0)
(0.5083249858 9.699228 0)
(0.5286049622 10.08619628 0)
(0.5488849387 10.47316456 0)
(0.5691649151 10.86013284 0)
(0.5894448915 11.24710112 0)
(0.6097248679 11.6340694 0)
(0.6300048444 12.02103768 0)
(0.6502848208 12.40800596 0)
(0.6705647972 12.79497424 0)
(0.6908447737 13.18194252 0)
(0.7111247501 13.5689108 0)
(0.7314047265 13.95587908 0)
(0.751684703 14.34284736 0)
(0.7719646794 14.72981564 0)
(0.7922446558 15.11678392 0)
(0.8125246322 15.5037522 0)
(0.8328046087 15.89072048 0)
(0.8530845851 16.27768876 0)
(0.8733645615 16.66465704 0)
(0.893644538 17.05162532 0)
(0.9139245144 17.4385936 0)
(0.9342044908 17.82556188 0)
(0.9544844672 18.21253016 0)
(0.9747644437 18.59949844 0)
(0 7 0)
(0 7.3875 0)
(0 7.775 0)
(0 8.1625 0)
(0 8.55 0)
(0 8.9375 0)
(0 9.325 0)
(0 9.7125 0)
(0 10.1 0)
(0 10.4875 0)
(0 10.875 0)
(0 11.2625 0)
(0 11.65 0)
(0 12.0375 0)
(0 12.425 0)
(0 12.8125 0)
(0 13.2 0)
(0 13.5875 0)
(0 13.975 0)
(0 14.3625 0)
(0 14.75 0)
(0 15.1375 0)
(0 15.525 0)
(0 15.9125 0)
(0 16.3 0)
(0 16.6875 0)
(0 17.075 0)
(0 17.4625 0)
(0 17.85 0)
(0 18.2375 0)
(0 18.625 0)
(7 0 1)
(7.3875 0 1)
(7.775 0 1)
(8.1625 0 1)
(8.55 0 1)
(8.9375 0 1)
(9.325 0 1)
(9.7125 0 1)
(10.1 0 1)
(10.4875 0 1)
(10.875 0 1)
(11.2625 0 1)
(11.65 0 1)
(12.0375 0 1)
(12.425 0 1)
(12.8125 0 1)
(13.2 0 1)
(13.5875 0 1)
(13.975 0 1)
(14.3625 0 1)
(14.75 0 1)
(15.1375 0 1)
(15.525 0 1)
(15.9125 0 1)
(16.3 0 1)
(16.6875 0 1)
(17.075 0 1)
(17.4625 0 1)
(17.85 0 1)
(18.2375 0 1)
(18.625 0 1)
(6.990450041 0.3663651508 1)
(7.377418321 0.3866451272 1)
(7.764386601 0.4069251037 1)
(8.151354881 0.4272050801 1)
(8.53832316 0.4474850565 1)
(8.92529144 0.4677650329 1)
(9.31225972 0.4880450094 1)
(9.699228 0.5083249858 1)
(10.08619628 0.5286049622 1)
(10.47316456 0.5488849387 1)
(10.86013284 0.5691649151 1)
(11.24710112 0.5894448915 1)
(11.6340694 0.6097248679 1)
(12.02103768 0.6300048444 1)
(12.40800596 0.6502848208 1)
(12.79497424 0.6705647972 1)
(13.18194252 0.6908447737 1)
(13.5689108 0.7111247501 1)
(13.95587908 0.7314047265 1)
(14.34284736 0.751684703 1)
(14.72981564 0.7719646794 1)
(15.11678392 0.7922446558 1)
(15.5037522 0.8125246322 1)
(15.89072048 0.8328046087 1)
(16.27768876 0.8530845851 1)
(16.66465704 0.8733645615 1)
(17.05162532 0.893644538 1)
(17.4385936 0.9139245144 1)
(17.82556188 0.9342044908 1)
(18.21253016 0.9544844672 1)
(18.59949844 0.9747644437 1)
(6.961736099 0.7317281689 1)
(7.347112062 0.7722325043 1)
(7.732488024 0.8127368397 1)
(8.117863987 0.853241175 1)
(8.503239949 0.8937455104 1)
(8.888615912 0.9342498458 1)
(9.273991874 0.9747541812 1)
(9.659367837 1.015258517 1)
(10.0447438 1.055762852 1)
(10.43011976 1.096267187 1)
(10.81549572 1.136771523 1)
(11.20087169 1.177275858 1)
(11.58624765 1.217780194 1)
(11.97162361 1.258284529 1)
(12.35699957 1.298788864 1)
(12.74237554 1.3392932 1)
(13.1277515 1.379797535 1)
(13.51312746 1.42030187 1)
(13.89850342 1.460806206 1)
(14.28387939 1.501310541 1)
(14.66925535 1.541814877 1)
(15.05463131 1.582319212 1)
(15.44000727 1.622823547 1)
(15.82538324 1.663327883 1)
(16.2107592 1.703832218 1)
(16.59613516 1.744336554 1)
(16.98151113 1.784840889 1)
(17.36688709 1.825345224 1)
(17.75226305 1.86584956 1)
(18.13763901 1.906353895 1)
(18.52301498 1.946858231 1)
(6.913936902 1.095087306 1)
(7.296664314 1.155704954 1)
(7.679391727 1.216322602 1)
(8.062119139 1.27694025 1)
(8.444846551 1.337557898 1)
(8.827573963 1.398175546 1)
(9.210301375 1.458793194 1)
(9.593028787 1.519410843 1)
(9.975756199 1.580028491 1)
(10.35848361 1.640646139 1)
(10.74121102 1.701263787 1)
(11.12393844 1.761881435 1)
(11.50666585 1.822499083 1)
(11.88939326 1.883116731 1)
(12.27212067 1.94373438 1)
(12.65484808 2.004352028 1)
(13.0375755 2.064969676 1)
(13.42030291 2.125587324 1)
(13.80303032 2.186204972 1)
(14.18575773 2.24682262 1)
(14.56848514 2.307440268 1)
(14.95121256 2.368057917 1)
(15.33393997 2.428675565 1)
(15.71666738 2.489293213 1)
(16.09939479 2.549910861 1)
(16.4821222 2.610528509 1)
(16.86484962 2.671146157 1)
(17.24757703 2.731763805 1)
(17.63030444 2.792381454 1)
(18.01303185 2.852999102 1)
(18.39575926 2.91361675 1)
(6.847183506 1.455446306 1)
(7.226213393 1.536011097 1)
(7.605243281 1.616575887 1)
(7.984273168 1.697140677 1)
(8.363303055 1.777705468 1)
(8.742332943 1.858270258 1)
(9.12136283 1.938835048 1)
(9.500392717 2.019399838 1)
(9.879422605 2.099964629 1)
(10.25845249 2.180529419 1)
(10.63748238 2.261094209 1)
(11.01651227 2.341659 1)
(11.39554215 2.42222379 1)
(11.77457204 2.50278858 1)
(12.15360193 2.58335337 1)
(12.53263182 2.663918161 1)
(12.9116617 2.744482951 1)
(13.29069159 2.825047741 1)
(13.66972148 2.905612532 1)
(14.04875137 2.986177322 1)
(14.42778125 3.066742112 1)
(14.80681114 3.147306902 1)
(15.18584103 3.227871693 1)
(15.56487091 3.308436483 1)
(15.9439008 3.389001273 1)
(16.32293069 3.469566064 1)
(16.70196058 3.550130854 1)
(17.08099046 3.630695644 1)
(17.46002035 3.711260434 1)
(17.83905024 3.791825225 1)
(18.21808013 3.872390015 1)
(6.761658933 1.811817143 1)
(7.135952455 1.912108236 1)
(7.510245978 2.012399328 1)
(7.8845395 2.112690421 1)
(8.258833022 2.212981514 1)
(8.633126544 2.313272607 1)
(9.007420066 2.4135637 1)
(9.381713588 2.513854793 1)
(9.75600711 2.614145886 1)
(10.13030063 2.714436978 1)
(10.50459415 2.814728071 1)
(10.87888768 2.915019164 1)
(11.2531812 3.015310257 1)
(11.62747472 3.11560135 1)
(12.00176824 3.215892443 1)
(12.37606177 3.316183535 1)
(12.75035529 3.416474628 1)
(13.12464881 3.516765721 1)
(13.49894233 3.617056814 1)
(13.87323585 3.717347907 1)
(14.24752938 3.817639 1)
(14.6218229 3.917930093 1)
(14.99611642 4.018221185 1)
(15.37040994 4.118512278 1)
(15.74470346 4.218803371 1)
(16.11899699 4.319094464 1)
(16.49329051 4.419385557 1)
(16.86758403 4.51967665 1)
(17.24187755 4.619967743 1)
(17.61617107 4.720258835 1)
(17.9904646 4.820549928 1)
(6.657597675 2.16322272 1)
(7.026128973 2.282965212 1)
(7.39466027 2.402707705 1)
(7.763191567 2.522450197 1)
(8.131722865 2.642192689 1)
(8.500254162 2.761935181 1)
(8.868785459 2.881677673 1)
(9.237316757 3.001420165 1)
(9.605848054 3.121162657 1)
(9.974379351 3.240905149 1)
(10.34291065 3.360647642 1)
(10.71144195 3.480390134 1)
(11.07997324 3.600132626 1)
(11.44850454 3.719875118 1)
(11.81703584 3.83961761 1)
(12.18556714 3.959360102 1)
(12.55409843 4.079102594 1)
(12.92262973 4.198845086 1)
(13.29116103 4.318587579 1)
(13.65969232 4.438330071 1)
(14.02822362 4.558072563 1)
(14.39675492 4.677815055 1)
(14.76528622 4.797557547 1)
(15.13381751 4.917300039 1)
(15.50234881 5.037042531 1)
(15.87088011 5.156785023 1)
(16.23941141 5.276527516 1)
(16.6079427 5.396270008 1)
(16.976474 5.5160125 1)
(17.3450053 5.635754992 1)
(17.71353659 5.755497484 1)
(6.535285046 2.508699559 1)
(6.897044051 2.647565237 1)
(7.258803057 2.786430915 1)
(7.620562062 2.925296593 1)
(7.982321068 3.06416227 1)
(8.344080073 3.203027948 1)
(8.705839079 3.341893626 1)
(9.067598084 3.480759304 1)
(9.429357089 3.619624982 1)
(9.791116095 3.758490659 1)
(10.1528751 3.897356337 1)
(10.51463411 4.036222015 1)
(10.87639311 4.175087693 1)
(11.23815212 4.313953371 1)
(11.59991112 4.452819048 1)
(11.96167013 4.591684726 1)
(12.32342913 4.730550404 1)
(12.68518814 4.869416082 1)
(13.04694714 5.00828176 1)
(13.40870615 5.147147437 1)
(13.77046515 5.286013115 1)
(14.13222416 5.424878793 1)
(14.49398317 5.563744471 1)
(14.85574217 5.702610149 1)
(15.21750118 5.841475826 1)
(15.57926018 5.980341504 1)
(15.94101919 6.119207182 1)
(16.30277819 6.25807286 1)
(16.6645372 6.396938538 1)
(17.0262962 6.535804215 1)
(17.38805521 6.674669893 1)
(6.395056401 2.847300434 1)
(6.749051608 3.004908673 1)
(7.103046815 3.162516912 1)
(7.457042022 3.320125151 1)
(7.81103723 3.477733391 1)
(8.165032437 3.63534163 1)
(8.519027644 3.792949869 1)
(8.873022851 3.950558108 1)
(9.227018058 4.108166347 1)
(9.581013266 4.265774586 1)
(9.935008473 4.423382825 1)
(10.28900368 4.580991064 1)
(10.64299889 4.738599304 1)
(10.99699409 4.896207543 1)
(11.3509893 5.053815782 1)
(11.70498451 5.211424021 1)
(12.05897972 5.36903226 1)
(12.41297492 5.526640499 1)
(12.76697013 5.684248738 1)
(13.12096534 5.841856977 1)
(13.47496054 5.999465217 1)
(13.82895575 6.157073456 1)
(14.18295096 6.314681695 1)
(14.53694617 6.472289934 1)
(14.89094137 6.629898173 1)
(15.24493658 6.787506412 1)
(15.59893179 6.945114651 1)
(15.952927 7.10272289 1)
(16.3069222 7.26033113 1)
(16.66091741 7.417939369 1)
(17.01491262 7.575547608 1)
(6.237296217 3.178096973 1)
(6.582557398 3.354015781 1)
(6.927818579 3.52993459 1)
(7.27307976 3.705853398 1)
(7.618340941 3.881772207 1)
(7.963602122 4.057691015 1)
(8.308863302 4.233609824 1)
(8.654124483 4.409528632 1)
(8.999385664 4.585447441 1)
(9.344646845 4.761366249 1)
(9.689908026 4.937285058 1)
(10.03516921 5.113203866 1)
(10.38043039 5.289122675 1)
(10.72569157 5.465041483 1)
(11.07095275 5.640960292 1)
(11.41621393 5.8168791 1)
(11.76147511 5.992797909 1)
(12.10673629 6.168716717 1)
(12.45199747 6.344635526 1)
(12.79725865 6.520554334 1)
(13.14251983 6.696473143 1)
(13.48778101 6.872391951 1)
(13.8330422 7.04831076 1)
(14.17830338 7.224229568 1)
(14.52356456 7.400148377 1)
(14.86882574 7.576067185 1)
(15.21408692 7.751985994 1)
(15.5593481 7.927904802 1)
(15.90460928 8.103823611 1)
(16.24987046 8.279742419 1)
(16.59513164 8.455661228 1)
(6.062437041 3.5001822 1)
(6.398017904 3.693929403 1)
(6.733598768 3.887676605 1)
(7.069179632 4.081423807 1)
(7.404760495 4.275171009 1)
(7.740341359 4.468918212 1)
(8.075922223 4.662665414 1)
(8.411503086 4.856412616 1)
(8.74708395 5.050159819 1)
(9.082664813 5.243907021 1)
(9.418245677 5.437654223 1)
(9.753826541 5.631401426 1)
(10.0894074 5.825148628 1)
(10.42498827 6.01889583 1)
(10.76056913 6.212643032 1)
(11.09614999 6.406390235 1)
(11.43173086 6.600137437 1)
(11.76731172 6.793884639 1)
(12.10289259 6.987631842 1)
(12.43847345 7.181379044 1)
(12.77405431 7.375126246 1)
(13.10963518 7.568873449 1)
(13.44521604 7.762620651 1)
(13.7807969 7.956367853 1)
(14.11637777 8.150115056 1)
(14.45195863 8.343862258 1)
(14.78753949 8.53760946 1)
(15.12312036 8.731356662 1)
(15.45870122 8.925103865 1)
(15.79428209 9.118851067 1)
(16.12986295 9.312598269 1)
(5.870958298 3.812673027 1)
(6.195939085 4.023717585 1)
(6.520919871 4.234762143 1)
(6.845900657 4.445806702 1)
(7.170881444 4.65685126 1)
(7.49586223 4.867895819 1)
(7.820843016 5.078940377 1)
(8.145823802 5.289984935 1)
(8.470804589 5.501029494 1)
(8.795785375 5.712074052 1)
(9.120766161 5.923118611 1)
(9.445746948 6.134163169 1)
(9.770727734 6.345207727 1)
(10.09570852 6.556252286 1)
(10.42068931 6.767296844 1)
(10.74567009 6.978341403 1)
(11.07065088 7.189385961 1)
(11.39563167 7.400430519 1)
(11.72061245 7.611475078 1)
(12.04559324 7.822519636 1)
(12.37057402 8.033564195 1)
(12.69555481 8.244608753 1)
(13.0205356 8.455653311 1)
(13.34551638 8.66669787 1)
(13.67049717 8.877742428 1)
(13.99547796 9.088786987 1)
(14.32045874 9.299831545 1)
(14.64543953 9.510876103 1)
(14.97042031 9.721920662 1)
(15.2954011 9.93296522 1)
(15.62038189 10.14400978 1)
(5.663384985 4.114712668 1)
(5.976874985 4.342476138 1)
(6.290364985 4.570239608 1)
(6.603854986 4.798003078 1)
(6.917344986 5.025766548 1)
(7.230834987 5.253530018 1)
(7.544324987 5.481293488 1)
(7.857814988 5.709056958 1)
(8.171304988 5.936820428 1)
(8.484794988 6.164583898 1)
(8.798284989 6.392347368 1)
(9.111774989 6.620110838 1)
(9.42526499 6.847874308 1)
(9.73875499 7.075637778 1)
(10.05224499 7.303401249 1)
(10.36573499 7.531164719 1)
(10.67922499 7.758928189 1)
(10.99271499 7.986691659 1)
(11.30620499 8.214455129 1)
(11.61969499 8.442218599 1)
(11.93318499 8.669982069 1)
(12.24667499 8.897745539 1)
(12.56016499 9.125509009 1)
(12.87365499 9.353272479 1)
(13.18714499 9.581035949 1)
(13.50063499 9.808799419 1)
(13.814125 10.03656289 1)
(14.127615 10.26432636 1)
(14.441105 10.49208983 1)
(14.754595 10.7198533 1)
(15.068085 10.94761677 1)
(5.440286222 4.405472994 1)
(5.741426221 4.64933111 1)
(6.042566219 4.893189226 1)
(6.343706218 5.137047342 1)
(6.644846217 5.380905458 1)
(6.945986215 5.624763574 1)
(7.247126214 5.86862169 1)
(7.548266213 6.112479806 1)
(7.849406211 6.356337921 1)
(8.15054621 6.600196037 1)
(8.451686209 6.844054153 1)
(8.752826208 7.087912269 1)
(9.053966206 7.331770385 1)
(9.355106205 7.575628501 1)
(9.656246204 7.819486617 1)
(9.957386202 8.063344733 1)
(10.2585262 8.307202848 1)
(10.5596662 8.551060964 1)
(10.8608062 8.79491908 1)
(11.1619462 9.038777196 1)
(11.4630862 9.282635312 1)
(11.76422619 9.526493428 1)
(12.06536619 9.770351544 1)
(12.36650619 10.01420966 1)
(12.66764619 10.25806778 1)
(12.96878619 10.50192589 1)
(13.26992619 10.74578401 1)
(13.57106619 10.98964212 1)
(13.87220619 11.23350024 1)
(14.17334618 11.47735835 1)
(14.47448618 11.72121647 1)
(5.2022737 4.684156803 1)
(5.490238329 4.943441188 1)
(5.778202958 5.202725573 1)
(6.066167586 5.462009959 1)
(6.354132215 5.721294344 1)
(6.642096844 5.98057873 1)
(6.930061472 6.239863115 1)
(7.218026101 6.499147501 1)
(7.50599073 6.758431886 1)
(7.793955358 7.017716271 1)
(8.081919987 7.277000657 1)
(8.369884616 7.536285042 1)
(8.657849244 7.795569428 1)
(8.945813873 8.054853813 1)
(9.233778502 8.314138198 1)
(9.52174313 8.573422584 1)
(9.809707759 8.832706969 1)
(10.09767239 9.091991355 1)
(10.38563702 9.35127574 1)
(10.67360165 9.610560125 1)
(10.96156627 9.869844511 1)
(11.2495309 10.1291289 1)
(11.53749553 10.38841328 1)
(11.82546016 10.64769767 1)
(12.11342479 10.90698205 1)
(12.40138942 11.16626644 1)
(12.68935405 11.42555082 1)
(12.97731867 11.68483521 1)
(13.2652833 11.94411959 1)
(13.55324793 12.20340398 1)
(13.84121256 12.46268836 1)
(4.95 4.95 1)
(5.224 5.224 1)
(5.498 5.498 1)
(5.772 5.772 1)
(6.046 6.046 1)
(6.32 6.32 1)
(6.594 6.594 1)
(6.868 6.868 1)
(7.142 7.142 1)
(7.416 7.416 1)
(7.69 7.69 1)
(7.964 7.964 1)
(8.238 8.238 1)
(8.512 8.512 1)
(8.786 8.786 1)
(9.06 9.06 1)
(9.334 9.334 1)
(9.608 9.608 1)
(9.882 9.882 1)
(10.156 10.156 1)
(10.43 10.43 1)
(10.704 10.704 1)
(10.978 10.978 1)
(11.252 11.252 1)
(11.526 11.526 1)
(11.8 11.8 1)
(12.074 12.074 1)
(12.348 12.348 1)
(12.622 12.622 1)
(12.896 12.896 1)
(13.17 13.17 1)
(4.684156803 5.2022737 1)
(4.943441188 5.490238329 1)
(5.202725573 5.778202958 1)
(5.462009959 6.066167586 1)
(5.721294344 6.354132215 1)
(5.98057873 6.642096844 1)
(6.239863115 6.930061472 1)
(6.499147501 7.218026101 1)
(6.758431886 7.50599073 1)
(7.017716271 7.793955358 1)
(7.277000657 8.081919987 1)
(7.536285042 8.369884616 1)
(7.795569428 8.657849244 1)
(8.054853813 8.945813873 1)
(8.314138198 9.233778502 1)
(8.573422584 9.52174313 1)
(8.832706969 9.809707759 1)
(9.091991355 10.09767239 1)
(9.35127574 10.38563702 1)
(9.610560125 10.67360165 1)
(9.869844511 10.96156627 1)
(10.1291289 11.2495309 1)
(10.38841328 11.53749553 1)
(10.64769767 11.82546016 1)
(10.90698205 12.11342479 1)
(11.16626644 12.40138942 1)
(11.42555082 12.68935405 1)
(11.68483521 12.97731867 1)
(11.94411959 13.2652833 1)
(12.20340398 13.55324793 1)
(12.46268836 13.84121256 1)
(4.405472994 5.440286222 1)
(4.64933111 5.741426221 1)
(4.893189226 6.042566219 1)
(5.137047342 6.343706218 1)
(5.380905458 6.644846217 1)
(5.624763574 6.945986215 1)
(5.86862169 7.247126214 1)
(6.112479806 7.548266213 1)
(6.356337921 7.849406211 1)
(6.600196037 8.15054621 1)
(6.844054153 8.451686209 1)
(7.087912269 8.752826208 1)
(7.331770385 9.053966206 1)
(7.575628501 9.355106205 1)
(7.819486617 9.656246204 1)
(8.063344733 9.957386202 1)
(8.307202848 10.2585262 1)
(8.551060964 10.5596662 1)
(8.79491908 10.8608062 1)
(9.038777196 11.1619462 1)
(9.282635312 11.4630862 1)
(9.526493428 11.76422619 1)
(9.770351544 12.06536619 1)
(10.01420966 12.36650619 1)
(10.25806778 12.66764619 1)
(10.50192589 12.96878619 1)
(10.74578401 13.26992619 1)
(10.98964212 13.57106619 1)
(11.23350024 13.87220619 1)
(11.47735835 14.17334618 1)
(11.72121647 14.47448618 1)
(4.114712668 5.663384985 1)
(4.342476138 5.976874985 1)
(4.570239608 6.290364985 1)
(4.798003078 6.603854986 1)
(5.025766548 6.917344986 1)
(5.253530018 7.230834987 1)
(5.481293488 7.544324987 1)
(5.709056958 7.857814988 1)
(5.936820428 8.171304988 1)
(6.164583898 8.484794988 1)
(6.392347368 8.798284989 1)
(6.620110838 9.111774989 1)
(6.847874308 9.42526499 1)
(7.075637778 9.73875499 1)
(7.303401249 10.05224499 1)
(7.531164719 10.36573499 1)
(7.758928189 10.67922499 1)
(7.986691659 10.99271499 1)
(8.214455129 11.30620499 1)
(8.442218599 11.61969499 1)
(8.669982069 11.93318499 1)
(8.897745539 12.24667499 1)
(9.125509009 12.56016499 1)
(9.353272479 12.87365499 1)
(9.581035949 13.18714499 1)
(9.808799419 13.50063499 1)
(10.03656289 13.814125 1)
(10.26432636 14.127615 1)
(10.49208983 14.441105 1)
(10.7198533 14.754595 1)
(10.94761677 15.068085 1)
(3.812673027 5.870958298 1)
(4.023717585 6.195939085 1)
(4.234762143 6.520919871 1)
(4.445806702 6.845900657 1)
(4.65685126 7.170881444 1)
(4.867895819 7.49586223 1)
(5.078940377 7.820843016 1)
(5.289984935 8.145823802 1)
(5.501029494 8.470804589 1)
(5.712074052 8.795785375 1)
(5.923118611 9.120766161 1)
(6.134163169 9.445746948 1)
(6.345207727 9.770727734 1)
(6.556252286 10.09570852 1)
(6.767296844 10.42068931 1)
(6.978341403 10.74567009 1)
(7.189385961 11.07065088 1)
(7.400430519 11.39563167 1)
(7.611475078 11.72061245 1)
(7.822519636 12.04559324 1)
(8.033564195 12.37057402 1)
(8.244608753 12.69555481 1)
(8.455653311 13.0205356 1)
(8.66669787 13.34551638 1)
(8.877742428 13.67049717 1)
(9.088786987 13.99547796 1)
(9.299831545 14.32045874 1)
(9.510876103 14.64543953 1)
(9.721920662 14.97042031 1)
(9.93296522 15.2954011 1)
(10.14400978 15.62038189 1)
(3.5001822 6.062437041 1)
(3.693929403 6.398017904 1)
(3.887676605 6.733598768 1)
(4.081423807 7.069179632 1)
(4.275171009 7.404760495 1)
(4.468918212 7.740341359 1)
(4.662665414 8.075922223 1)
(4.856412616 8.411503086 1)
(5.050159819 8.74708395 1)
(5.243907021 9.082664813 1)
(5.437654223 9.418245677 1)
(5.631401426 9.753826541 1)
(5.825148628 10.0894074 1)
(6.01889583 10.42498827 1)
(6.212643032 10.76056913 1)
(6.406390235 11.09614999 1)
(6.600137437 11.43173086 1)
(6.793884639 11.76731172 1)
(6.987631842 12.10289259 1)
(7.181379044 12.43847345 1)
(7.375126246 12.77405431 1)
(7.568873449 13.10963518 1)
(7.762620651 13.44521604 1)
(7.956367853 13.7807969 1)
(8.150115056 14.11637777 1)
(8.343862258 14.45195863 1)
(8.53760946 14.78753949 1)
(8.731356662 15.12312036 1)
(8.925103865 15.45870122 1)
(9.118851067 15.79428209 1)
(9.312598269 16.12986295 1)
(3.178096973 6.237296217 1)
(3.354015781 6.582557398 1)
(3.52993459 6.927818579 1)
(3.705853398 7.27307976 1)
(3.881772207 7.618340941 1)
(4.057691015 7.963602122 1)
(4.233609824 8.308863302 1)
(4.409528632 8.654124483 1)
(4.585447441 8.999385664 1)
(4.761366249 9.344646845 1)
(4.937285058 9.689908026 1)
(5.113203866 10.03516921 1)
(5.289122675 10.38043039 1)
(5.465041483 10.72569157 1)
(5.640960292 11.07095275 1)
(5.8168791 11.41621393 1)
(5.992797909 11.76147511 1)
(6.168716717 12.10673629 1)
(6.344635526 12.45199747 1)
(6.520554334 12.79725865 1)
(6.696473143 13.14251983 1)
(6.872391951 13.48778101 1)
(7.04831076 13.8330422 1)
(7.224229568 14.17830338 1)
(7.400148377 14.52356456 1)
(7.576067185 14.86882574 1)
(7.751985994 15.21408692 1)
(7.927904802 15.5593481 1)
(8.103823611 15.90460928 1)
(8.279742419 16.24987046 1)
(8.455661228 16.59513164 1)
(2.847300434 6.395056401 1)
(3.004908673 6.749051608 1)
(3.162516912 7.103046815 1)
(3.320125151 7.457042022 1)
(3.477733391 7.81103723 1)
(3.63534163 8.165032437 1)
(3.792949869 8.519027644 1)
(3.950558108 8.873022851 1)
(4.108166347 9.227018058 1)
(4.265774586 9.581013266 1)
(4.423382825 9.935008473 1)
(4.580991064 10.28900368 1)
(4.738599304 10.64299889 1)
(4.896207543 10.99699409 1)
(5.053815782 11.3509893 1)
(5.211424021 11.70498451 1)
(5.36903226 12.05897972 1)
(5.526640499 12.41297492 1)
(5.684248738 12.76697013 1)
(5.841856977 13.12096534 1)
(5.999465217 13.47496054 1)
(6.157073456 13.82895575 1)
(6.314681695 14.18295096 1)
(6.472289934 14.53694617 1)
(6.629898173 14.89094137 1)
(6.787506412 15.24493658 1)
(6.945114651 15.59893179 1)
(7.10272289 15.952927 1)
(7.26033113 16.3069222 1)
(7.417939369 16.66091741 1)
(7.575547608 17.01491262 1)
(2.508699559 6.535285046 1)
(2.647565237 6.897044051 1)
(2.786430915 7.258803057 1)
(2.925296593 7.620562062 1)
(3.06416227 7.982321068 1)
(3.203027948 8.344080073 1)
(3.341893626 8.705839079 1)
(3.480759304 9.067598084 1)
(3.619624982 9.429357089 1)
(3.758490659 9.791116095 1)
(3.897356337 10.1528751 1)
(4.036222015 10.51463411 1)
(4.175087693 10.87639311 1)
(4.313953371 11.23815212 1)
(4.452819048 11.59991112 1)
(4.591684726 11.96167013 1)
(4.730550404 12.32342913 1)
(4.869416082 12.68518814 1)
(5.00828176 13.04694714 1)
(5.147147437 13.40870615 1)
(5.286013115 13.77046515 1)
(5.424878793 14.13222416 1)
(5.563744471 14.49398317 1)
(5.702610149 14.85574217 1)
(5.841475826 15.21750118 1)
(5.980341504 15.57926018 1)
(6.119207182 15.94101919 1)
(6.25807286 16.30277819 1)
(6.396938538 16.6645372 1)
(6.535804215 17.0262962 1)
(6.674669893 17.38805521 1)
(2.16322272 6.657597675 1)
(2.282965212 7.026128973 1)
(2.402707705 7.39466027 1)
(2.522450197 7.763191567 1)
(2.642192689 8.131722865 1)
(2.761935181 8.500254162 1)
(2.881677673 8.868785459 1)
(3.001420165 9.237316757 1)
(3.121162657 9.605848054 1)
(3.240905149 9.974379351 1)
(3.360647642 10.34291065 1)
(3.480390134 10.71144195 1)
(3.600132626 11.07997324 1)
(3.719875118 11.44850454 1)
(3.83961761 11.81703584 1)
(3.959360102 12.18556714 1)
(4.079102594 12.55409843 1)
(4.198845086 12.92262973 1)
(4.318587579 13.29116103 1)
(4.438330071 13.65969232 1)
(4.558072563 14.02822362 1)
(4.677815055 14.39675492 1)
(4.797557547 14.76528622 1)
(4.917300039 15.13381751 1)
(5.037042531 15.50234881 1)
(5.156785023 15.87088011 1)
(5.276527516 16.23941141 1)
(5.396270008 16.6079427 1)
(5.5160125 16.976474 1)
(5.635754992 17.3450053 1)
(5.755497484 17.71353659 1)
(1.811817143 6.761658933 1)
(1.912108236 7.135952455 1)
(2.012399328 7.510245978 1)
(2.112690421 7.8845395 1)
(2.212981514 8.258833022 1)
(2.313272607 8.633126544 1)
(2.4135637 9.007420066 1)
(2.513854793 9.381713588 1)
(2.614145886 9.75600711 1)
(2.714436978 10.13030063 1)
(2.814728071 10.50459415 1)
(2.915019164 10.87888768 1)
(3.015310257 11.2531812 1)
(3.11560135 11.62747472 1)
(3.215892443 12.00176824 1)
(3.316183535 12.37606177 1)
(3.416474628 12.75035529 1)
(3.516765721 13.12464881 1)
(3.617056814 13.49894233 1)
(3.717347907 13.87323585 1)
(3.817639 14.24752938 1)
(3.917930093 14.6218229 1)
(4.018221185 14.99611642 1)
(4.118512278 15.37040994 1)
(4.218803371 15.74470346 1)
(4.319094464 16.11899699 1)
(4.419385557 16.49329051 1)
(4.51967665 16.86758403 1)
(4.619967743 17.24187755 1)
(4.720258835 17.61617107 1)
(4.820549928 17.9904646 1)
(1.455446306 6.847183506 1)
(1.536011097 7.226213393 1)
(1.616575887 7.605243281 1)
(1.697140677 7.984273168 1)
(1.777705468 8.363303055 1)
(1.858270258 8.742332943 1)
(1.938835048 9.12136283 1)
(2.019399838 9.500392717 1)
(2.099964629 9.879422605 1)
(2.180529419 10.25845249 1)
(2.261094209 10.63748238 1)
(2.341659 11.01651227 1)
(2.42222379 11.39554215 1)
(2.50278858 11.77457204 1)
(2.58335337 12.15360193 1)
(2.663918161 12.53263182 1)
(2.744482951 12.9116617 1)
(2.825047741 13.29069159 1)
(2.905612532 13.66972148 1)
(2.986177322 14.04875137 1)
(3.066742112 14.42778125 1)
(3.147306902 14.80681114 1)
(3.227871693 15.18584103 1)
(3.308436483 15.56487091 1)
(3.389001273 15.9439008 1)
(3.469566064 16.32293069 1)
(3.550130854 16.70196058 1)
(3.630695644 17.08099046 1)
(3.711260434 17.46002035 1)
(3.791825225 17.83905024 1)
(3.872390015 18.21808013 1)
(1.095087306 6.913936902 1)
(1.155704954 7.296664314 1)
(1.216322602 7.679391727 1)
(1.27694025 8.062119139 1)
(1.337557898 8.444846551 1)
(1.398175546 8.827573963 1)
(1.458793194 9.210301375 1)
(1.519410843 9.593028787 1)
(1.580028491 9.975756199 1)
(1.640646139 10.35848361 1)
(1.701263787 10.74121102 1)
(1.761881435 11.12393844 1)
(1.822499083 11.50666585 1)
(1.883116731 11.88939326 1)
(1.94373438 12.27212067 1)
(2.004352028 12.65484808 1)
(2.064969676 13.0375755 1)
(2.125587324 13.42030291 1)
(2.186204972 13.80303032 1)
(2.24682262 14.18575773 1)
(2.307440268 14.56848514 1)
(2.368057917 14.95121256 1)
(2.428675565 15.33393997 1)
(2.489293213 15.71666738 1)
(2.549910861 16.09939479 1)
(2.610528509 16.4821222 1)
(2.671146157 16.86484962 1)
(2.731763805 17.24757703 1)
(2.792381454 17.63030444 1)
(2.852999102 18.01303185 1)
(2.91361675 18.39575926 1)
(0.7317281689 6.961736099 1)
(0.7722325043 7.347112062 1)
(0.8127368397 7.732488024 1)
(0.853241175 8.117863987 1)
(0.8937455104 8.503239949 1)
(0.9342498458 8.888615912 1)
(0.9747541812 9.273991874 1)
(1.015258517 9.659367837 1)
(1.055762852 10.0447438 1)
(1.096267187 10.43011976 1)
(1.136771523 10.81549572 1)
(1.177275858 11.20087169 1)
(1.217780194 11.58624765 1)
(1.258284529 11.97162361 1)
(1.298788864 12.35699957 1)
(1.3392932 12.74237554 1)
(1.379797535 13.1277515 1)
(1.42030187 13.51312746 1)
(1.460806206 13.89850342 1)
(1.501310541 14.28387939 1)
(1.541814877 14.66925535 1)
(1.582319212 15.05463131 1)
(1.622823547 15.44000727 1)
(1.663327883 15.82538324 1)
(1.703832218 16.2107592 1)
(1.744336554 16.59613516 1)
(1.784840889 16.98151113 1)
(1.825345224 17.36688709 1)
(1.86584956 17.75226305 1)
(1.906353895 18.13763901 1)
(1.946858231 18.52301498 1)
(0.3663651508 6.990450041 1)
(0.3866451272 7.377418321 1)
(0.4069251037 7.764386601 1)
(0.4272050801 8.151354881 1)
(0.4474850565 8.53832316 1)
(0.4677650329 8.92529144 1)
(0.4880450094 9.31225972 1)
(0.5083249858 9.699228 1)
(0.5286049622 10.08619628 1)
(0.5488849387 10.47316456 1)
(0.5691649151 10.86013284 1)
(0.5894448915 11.24710112 1)
(0.6097248679 11.6340694 1)
(0.6300048444 12.02103768 1)
(0.6502848208 12.40800596 1)
(0.6705647972 12.79497424 1)
(0.6908447737 13.18194252 1)
(0.7111247501 13.5689108 1)
(0.7314047265 13.95587908 1)
(0.751684703 14.34284736 1)
(0.7719646794 14.72981564 1)
(0.7922446558 15.11678392 1)
(0.8125246322 15.5037522 1)
(0.8328046087 15.89072048 1)
(0.8530845851 16.27768876 1)
(0.8733645615 16.66465704 1)
(0.893644538 17.05162532 1)
(0.9139245144 17.4385936 1)
(0.9342044908 17.82556188 1)
(0.9544844672 18.21253016 1)
(0.9747644437 18.59949844 1)
(0 7 1)
(0 7.3875 1)
(0 7.775 1)
(0 8.1625 1)
(0 8.55 1)
(0 8.9375 1)
(0 9.325 1)
(0 9.7125 1)
(0 10.1 1)
(0 10.4875 1)
(0 10.875 1)
(0 11.2625 1)
(0 11.65 1)
(0 12.0375 1)
(0 12.425 1)
(0 12.8125 1)
(0 13.2 1)
(0 13.5875 1)
(0 13.975 1)
(0 14.3625 1)
(0 14.75 1)
(0 15.1375 1)
(0 15.525 1)
(0 15.9125 1)
(0 16.3 1)
(0 16.6875 1)
(0 17.075 1)
(0 17.4625 1)
(0 17.85 1)
(0 18.2375 1)
(0 18.625 1)
)


// ************************************************************************* //
