(
(0	450000)
(0.0005	452298.377283761)
(0.001	454577.925618078)
(0.0015	456838.803717301)
(0.002	459081.168957935)
(0.0025	461305.177389915)
(0.003	463510.983747787)
(0.0035	465698.7414618)
(0.004	467868.602668895)
(0.0045	470020.718223612)
(0.005	472155.237708894)
(0.0055	474272.30944681)
(0.006	476372.080509182)
(0.0065	478454.696728124)
(0.007	480520.302706489)
(0.0075	482569.041828236)
(0.008	484601.0562687)
(0.0085	486616.487004781)
(0.009	488615.473825047)
(0.0095	490598.15533975)
(0.01	492564.668990759)
(0.0105	494515.151061405)
(0.011	496449.736686253)
(0.0115	498368.559860781)
(0.012	500271.753450982)
(0.0125	502159.449202885)
(0.013	504031.777751997)
(0.0135	505888.868632662)
(0.014	507730.850287344)
(0.0145	509557.850075829)
(0.015	511369.994284355)
(0.0155	513167.408134656)
(0.016	514950.215792942)
(0.0165	516718.540378787)
(0.017	518472.503973961)
(0.0175	520212.22763117)
(0.018	521937.831382737)
(0.0185	523649.434249197)
(0.019	525347.15424783)
(0.0195	527031.108401115)
(0.02	528701.412745119)
(0.0205	530358.182337806)
(0.021	532001.531267287)
(0.0215	533631.572659994)
(0.022	535248.418688783)
(0.0225	536852.180580977)
(0.023	538442.968626331)
(0.0235	540020.89218494)
(0.024	541586.059695071)
(0.0245	543138.578680936)
(0.025	544678.555760397)
(0.0255	546206.096652604)
(0.026	547721.306185571)
(0.0265	549224.288303689)
(0.027	550715.146075172)
(0.0275	552193.981699447)
(0.028	553660.896514471)
(0.0285	555115.991003996)
(0.029	556559.364804771)
(0.0295	557991.116713678)
(0.03	559411.344694813)
(0.0305	560820.145886508)
(0.031	562217.616608288)
(0.0315	563603.852367773)
(0.032	564978.947867526)
(0.0325	566342.997011834)
(0.033	567696.092913441)
(0.0335	569038.327900218)
(0.034	570369.793521777)
(0.0345	571690.580556036)
(0.035	573000.77901572)
(0.0355	574300.478154812)
(0.036	575589.766474949)
(0.0365	576868.731731765)
(0.037	578137.460941175)
(0.0375	579396.040385616)
(0.038	580644.555620225)
(0.0385	581883.091478971)
(0.039	583111.732080736)
(0.0395	584330.56083534)
(0.04	585539.660449519)
(0.0405	586739.112932852)
(0.041	587928.999603636)
(0.0415	589109.401094714)
(0.042	590280.397359253)
(0.0425	591442.067676474)
(0.043	592594.490657329)
(0.0435	593737.74425014)
(0.044	594871.905746179)
(0.0445	595997.051785211)
(0.045	597113.258360981)
(0.0455	598220.600826664)
(0.046	599319.153900261)
(0.0465	600408.991669956)
(0.047	601490.187599423)
(0.0475	602562.81453309)
(0.048	603626.94470136)
(0.0485	604682.649725786)
(0.049	605730.000624205)
(0.0495	606769.067815822)
(0.05	607799.921126262)
(0.0505	608822.629792571)
(0.051	609837.262468174)
(0.0515	610843.8872278)
(0.052	611842.571572358)
(0.0525	612833.382433772)
(0.053	613816.386179779)
(0.0535	614791.648618684)
(0.054	615759.235004077)
(0.0545	616719.210039506)
(0.055	617671.637883117)
(0.0555	618616.582152247)
(0.056	619554.105927988)
(0.0565	620484.271759702)
(0.057	621407.141669507)
(0.0575	622322.777156718)
(0.058	623231.239202257)
(0.0585	624132.58827302)
(0.059	625026.884326211)
(0.0595	625914.186813641)
(0.06	626794.554685982)
(0.0605	627668.046396996)
(0.061	628534.719907723)
(0.0615	629394.632690633)
(0.062	630247.841733745)
(0.0625	631094.403544709)
(0.063	631934.37415486)
(0.0635	632767.809123226)
(0.064	633594.763540515)
(0.0645	634415.29203306)
(0.065	635229.448766732)
(0.0655	636037.287450826)
(0.066	636838.861341905)
(0.0665	637634.223247618)
(0.067	638423.425530484)
(0.0675	639206.520111644)
(0.068	639983.558474582)
(0.0685	640754.591668813)
(0.069	641519.670313543)
(0.0695	642278.844601292)
(0.07	643032.164301498)
(0.0705	643779.678764074)
(0.071	644521.436922954)
(0.0715	645257.487299589)
(0.072	645987.878006435)
(0.0725	646712.656750391)
(0.073	647431.870836224)
(0.0735	648145.567169954)
(0.074	648853.792262219)
(0.0745	649556.592231606)
(0.075	650254.012807956)
(0.0755	650946.099335639)
(0.076	651632.896776807)
(0.0765	652314.449714613)
(0.077	652990.802356405)
(0.0775	653661.998536899)
(0.078	654328.081721312)
(0.0785	654989.095008483)
(0.079	655645.081133959)
(0.0795	656296.082473057)
(0.08	656942.141043901)
(0.0805	657583.298510433)
(0.081	658219.596185399)
(0.0815	658851.075033306)
(0.082	659477.775673363)
(0.0825	660099.738382386)
(0.083	660717.003097689)
(0.0835	661329.609419943)
(0.084	661937.596616013)
(0.0845	662541.003621773)
(0.085	663139.869044898)
(0.0855	663734.231167626)
(0.086	664324.127949503)
(0.0865	664909.597030108)
(0.087	665490.67573174)
(0.0875	666067.401062103)
(0.088	666639.809716949)
(0.0885	667207.938082715)
(0.089	667771.822239124)
(0.0895	668331.497961775)
(0.09	668887.000724704)
(0.0905	669438.365702927)
(0.091	669985.62777496)
(0.0915	670528.821525318)
(0.092	671067.981246993)
(0.0925	671603.140943915)
(0.093	672134.334333384)
(0.0935	672661.594848485)
(0.094	673184.955640491)
(0.0945	673704.449581231)
(0.095	674220.109265449)
(0.0955	674731.967013139)
(0.096	675240.054871861)
(0.0965	675744.404619038)
(0.097	676245.047764231)
(0.0975	676742.0155514)
(0.098	677235.33896114)
(0.0985	677725.048712902)
(0.099	678211.175267195)
(0.0995	678693.748827768)
(0.1	679172.799343774)
(0.1005	679648.356511918)
(0.101	680120.44977858)
(0.1015	680589.108341931)
(0.102	681054.361154023)
(0.1025	681516.236922861)
(0.103	681974.764114465)
(0.1035	682429.970954905)
(0.104	682881.885432327)
(0.1045	683330.535298957)
(0.105	683775.94807309)
(0.1055	684218.151041061)
(0.106	684657.171259202)
(0.1065	685093.03555578)
(0.107	685525.770532918)
(0.1075	685955.402568504)
(0.108	686381.957818077)
(0.1085	686805.462216708)
(0.109	687225.941480849)
(0.1095	687643.421110186)
(0.11	688057.926389458)
(0.1105	688469.482390273)
(0.111	688878.113972904)
(0.1115	689283.84578807)
(0.112	689686.7022787)
(0.1125	690086.707681691)
(0.113	690483.886029637)
(0.1135	690878.261152557)
(0.114	691269.856679599)
(0.1145	691658.696040734)
(0.115	692044.802468438)
(0.1155	692428.198999351)
(0.116	692808.908475932)
(0.1165	693186.953548097)
(0.117	693562.356674835)
(0.1175	693935.140125826)
(0.118	694305.325983031)
(0.1185	694672.936142277)
(0.119	695037.992314824)
(0.1195	695400.516028923)
(0.12	695760.528631357)
(0.1205	696118.051288972)
(0.121	696473.104990191)
(0.1215	696825.71054652)
(0.122	697175.888594042)
(0.1225	697523.65959489)
(0.123	697869.043838717)
(0.1235	698212.06144415)
(0.124	698552.732360227)
(0.1245	698891.076367835)
(0.125	699227.11308112)
(0.1255	699560.861948894)
(0.126	699892.342256032)
(0.1265	700221.573124849)
(0.127	700548.573516476)
(0.1275	700873.362232213)
(0.128	701195.957914878)
(0.1285	701516.379050147)
(0.129	701834.643967872)
(0.1295	702150.770843399)
(0.13	702464.777698869)
(0.1305	702776.682404509)
(0.131	703086.502679914)
(0.1315	703394.256095314)
(0.132	703699.960072837)
(0.1325	704003.631887753)
(0.133	704305.288669715)
(0.1335	704604.947403986)
(0.134	704902.624932654)
(0.1345	705198.337955842)
(0.135	705492.103032903)
(0.1355	705783.936583606)
(0.136	706073.854889313)
(0.1365	706361.874094146)
(0.137	706648.010206146)
(0.1375	706932.279098415)
(0.138	707214.696510258)
(0.1385	707495.278048308)
(0.139	707774.039187646)
(0.1395	708050.99527291)
(0.14	708326.161519392)
(0.1405	708599.553014133)
(0.141	708871.184716997)
(0.1415	709141.071461752)
(0.142	709409.227957125)
(0.1425	709675.66878786)
(0.143	709940.408415763)
(0.1435	710203.461180735)
(0.144	710464.841301805)
(0.1445	710724.562878145)
(0.145	710982.63989008)
(0.1455	711239.086200092)
(0.146	711493.915553813)
(0.1465	711747.141581008)
(0.147	711998.777796554)
(0.1475	712248.837601407)
(0.148	712497.334283563)
(0.1485	712744.281019009)
(0.149	712989.690872669)
(0.1495	713233.576799339)
(0.15	713475.951644614)
(0.1505	713716.828145813)
(0.151	713956.218932885)
(0.1515	714194.136529322)
(0.152	714430.593353048)
(0.1525	714665.601717315)
(0.153	714899.173831583)
(0.1535	715131.321802395)
(0.154	715362.057634244)
(0.1545	715591.393230436)
(0.155	715819.340393938)
(0.1555	716045.910828228)
(0.156	716271.116138132)
(0.1565	716494.967830657)
(0.157	716717.477315812)
(0.1575	716938.655907429)
(0.158	717158.514823974)
(0.1585	717377.065189346)
(0.159	717594.318033681)
(0.1595	717810.284294138)
(0.16	718024.974815683)
(0.1605	718238.400351867)
(0.161	718450.571565597)
(0.1615	718661.499029899)
(0.162	718871.193228677)
(0.1625	719079.664557461)
(0.163	719286.923324157)
(0.1635	719492.979749781)
(0.164	719697.843969194)
(0.1645	719901.526031827)
(0.165	720104.035902402)
(0.1655	720305.383461646)
(0.166	720505.578506999)
(0.1665	720704.630753313)
(0.167	720902.549833554)
(0.1675	721099.345299489)
(0.168	721295.026622367)
(0.1685	721489.603193605)
(0.169	721683.084325457)
(0.1695	721875.479251678)
(0.17	722066.797128194)
(0.1705	722257.047033749)
(0.171	722446.237970562)
(0.1715	722634.37886497)
(0.172	722821.478568066)
(0.1725	723007.545856336)
(0.173	723192.589432286)
(0.1735	723376.617925067)
(0.174	723559.639891091)
(0.1745	723741.663814647)
(0.175	723922.698108507)
(0.1755	724102.751114531)
(0.176	724281.83110426)
(0.1765	724459.946279514)
(0.177	724637.104772978)
(0.1775	724813.314648784)
(0.178	724988.583903088)
(0.1785	725162.920464646)
(0.179	725336.33219538)
(0.1795	725508.82689094)
(0.18	725680.412281266)
(0.1805	725851.096031141)
(0.181	726020.885740737)
(0.1815	726189.788946163)
(0.182	726357.813120006)
(0.1825	726524.965671862)
(0.183	726691.253948871)
(0.1835	726856.685236241)
(0.184	727021.266757772)
(0.1845	727185.005676371)
(0.185	727347.909094569)
(0.1855	727509.984055026)
(0.186	727671.237541039)
(0.1865	727831.676477039)
(0.187	727991.307729092)
(0.1875	728150.138105385)
(0.188	728308.174356718)
(0.1885	728465.423176989)
(0.189	728621.891203666)
(0.1895	728777.585018274)
(0.19	728932.511146856)
(0.1905	729086.676060447)
(0.191	729240.086175537)
(0.1915	729392.747854527)
(0.192	729544.667406191)
(0.1925	729695.851086121)
(0.193	729846.30509718)
(0.1935	729996.035589948)
(0.194	730145.048663156)
(0.1945	730293.350364131)
(0.195	730440.946689223)
(0.1955	730587.843584236)
(0.196	730734.04694486)
(0.1965	730879.562617083)
(0.197	731024.396397619)
(0.1975	731168.554034319)
(0.198	731312.041226584)
(0.1985	731454.863625773)
(0.199	731597.026835608)
(0.1995	731738.536412576)
(0.2	731879.397866326)
(0.2005	732019.616660067)
(0.201	732159.198210954)
(0.2015	732298.147890481)
(0.202	732436.471024865)
(0.2025	732574.172895426)
(0.203	732711.258738964)
(0.2035	732847.733748142)
(0.204	732983.603071847)
(0.2045	733118.871815568)
(0.205	733253.545041757)
(0.2055	733387.627770195)
(0.206	733521.124978347)
(0.2065	733654.041601724)
(0.207	733786.382534234)
(0.2075	733918.152628531)
(0.208	734049.356696367)
(0.2085	734179.999508933)
(0.209	734310.085797203)
(0.2095	734439.620252272)
(0.21	734568.607525692)
(0.2105	734697.052229808)
(0.211	734824.958938083)
(0.2115	734952.332185432)
(0.212	735079.176468541)
(0.2125	735205.496246195)
(0.213	735331.295939594)
(0.2135	735456.579932669)
(0.214	735581.352572399)
(0.2145	735705.618169121)
(0.215	735829.380996839)
(0.2155	735952.64529353)
(0.216	736075.415261447)
(0.2165	736197.695067424)
(0.217	736319.488843168)
(0.2175	736440.800685561)
(0.218	736561.634656951)
(0.2185	736681.994785442)
)
