/*--------------------------------*- C++ -*----------------------------------*\
  =========                 |
  \\      /  F ield         | OpenFOAM: The Open Source CFD Toolbox
   \\    /   O peration     | Website:  https://openfoam.org
    \\  /    A nd           | Version:  7
     \\/     M anipulation  |
\*---------------------------------------------------------------------------*/
FoamFile
{
    version     2.0;
    format      ascii;
    class       labelList;
    note        "nPoints: 8505 nCells: 6400 nFaces: 21200 nInternalFaces: 17200";
    location    "constant/solid/polyMesh";
    object      neighbour;
}
// * * * * * * * * * * * * * * * * * * * * * * * * * * * * * * * * * * * * * //


17200
(
1
4
80
2
5
81
3
6
82
7
83
5
8
84
6
9
85
7
10
86
11
87
9
12
88
10
13
89
11
14
90
15
91
13
16
92
14
17
93
15
18
94
19
95
17
20
96
18
21
97
19
22
98
23
99
21
24
100
22
25
101
23
26
102
27
103
25
28
104
26
29
105
27
30
106
31
107
29
32
108
30
33
109
31
34
110
35
111
33
36
112
34
37
113
35
38
114
39
115
37
40
116
38
41
117
39
42
118
43
119
41
44
120
42
45
121
43
46
122
47
123
45
48
124
46
49
125
47
50
126
51
127
49
52
128
50
53
129
51
54
130
55
131
53
56
132
54
57
133
55
58
134
59
135
57
60
136
58
61
137
59
62
138
63
139
61
64
140
62
65
141
63
66
142
67
143
65
68
144
66
69
145
67
70
146
71
147
69
72
148
70
73
149
71
74
150
75
151
73
76
152
74
77
153
75
78
154
79
155
77
156
78
157
79
158
159
81
84
160
82
85
161
83
86
162
87
163
85
88
164
86
89
165
87
90
166
91
167
89
92
168
90
93
169
91
94
170
95
171
93
96
172
94
97
173
95
98
174
99
175
97
100
176
98
101
177
99
102
178
103
179
101
104
180
102
105
181
103
106
182
107
183
105
108
184
106
109
185
107
110
186
111
187
109
112
188
110
113
189
111
114
190
115
191
113
116
192
114
117
193
115
118
194
119
195
117
120
196
118
121
197
119
122
198
123
199
121
124
200
122
125
201
123
126
202
127
203
125
128
204
126
129
205
127
130
206
131
207
129
132
208
130
133
209
131
134
210
135
211
133
136
212
134
137
213
135
138
214
139
215
137
140
216
138
141
217
139
142
218
143
219
141
144
220
142
145
221
143
146
222
147
223
145
148
224
146
149
225
147
150
226
151
227
149
152
228
150
153
229
151
154
230
155
231
153
156
232
154
157
233
155
158
234
159
235
157
236
158
237
159
238
239
161
164
240
162
165
241
163
166
242
167
243
165
168
244
166
169
245
167
170
246
171
247
169
172
248
170
173
249
171
174
250
175
251
173
176
252
174
177
253
175
178
254
179
255
177
180
256
178
181
257
179
182
258
183
259
181
184
260
182
185
261
183
186
262
187
263
185
188
264
186
189
265
187
190
266
191
267
189
192
268
190
193
269
191
194
270
195
271
193
196
272
194
197
273
195
198
274
199
275
197
200
276
198
201
277
199
202
278
203
279
201
204
280
202
205
281
203
206
282
207
283
205
208
284
206
209
285
207
210
286
211
287
209
212
288
210
213
289
211
214
290
215
291
213
216
292
214
217
293
215
218
294
219
295
217
220
296
218
221
297
219
222
298
223
299
221
224
300
222
225
301
223
226
302
227
303
225
228
304
226
229
305
227
230
306
231
307
229
232
308
230
233
309
231
234
310
235
311
233
236
312
234
237
313
235
238
314
239
315
237
316
238
317
239
318
319
241
244
320
242
245
321
243
246
322
247
323
245
248
324
246
249
325
247
250
326
251
327
249
252
328
250
253
329
251
254
330
255
331
253
256
332
254
257
333
255
258
334
259
335
257
260
336
258
261
337
259
262
338
263
339
261
264
340
262
265
341
263
266
342
267
343
265
268
344
266
269
345
267
270
346
271
347
269
272
348
270
273
349
271
274
350
275
351
273
276
352
274
277
353
275
278
354
279
355
277
280
356
278
281
357
279
282
358
283
359
281
284
360
282
285
361
283
286
362
287
363
285
288
364
286
289
365
287
290
366
291
367
289
292
368
290
293
369
291
294
370
295
371
293
296
372
294
297
373
295
298
374
299
375
297
300
376
298
301
377
299
302
378
303
379
301
304
380
302
305
381
303
306
382
307
383
305
308
384
306
309
385
307
310
386
311
387
309
312
388
310
313
389
311
314
390
315
391
313
316
392
314
317
393
315
318
394
319
395
317
396
318
397
319
398
399
321
324
400
322
325
401
323
326
402
327
403
325
328
404
326
329
405
327
330
406
331
407
329
332
408
330
333
409
331
334
410
335
411
333
336
412
334
337
413
335
338
414
339
415
337
340
416
338
341
417
339
342
418
343
419
341
344
420
342
345
421
343
346
422
347
423
345
348
424
346
349
425
347
350
426
351
427
349
352
428
350
353
429
351
354
430
355
431
353
356
432
354
357
433
355
358
434
359
435
357
360
436
358
361
437
359
362
438
363
439
361
364
440
362
365
441
363
366
442
367
443
365
368
444
366
369
445
367
370
446
371
447
369
372
448
370
373
449
371
374
450
375
451
373
376
452
374
377
453
375
378
454
379
455
377
380
456
378
381
457
379
382
458
383
459
381
384
460
382
385
461
383
386
462
387
463
385
388
464
386
389
465
387
390
466
391
467
389
392
468
390
393
469
391
394
470
395
471
393
396
472
394
397
473
395
398
474
399
475
397
476
398
477
399
478
479
401
404
480
402
405
481
403
406
482
407
483
405
408
484
406
409
485
407
410
486
411
487
409
412
488
410
413
489
411
414
490
415
491
413
416
492
414
417
493
415
418
494
419
495
417
420
496
418
421
497
419
422
498
423
499
421
424
500
422
425
501
423
426
502
427
503
425
428
504
426
429
505
427
430
506
431
507
429
432
508
430
433
509
431
434
510
435
511
433
436
512
434
437
513
435
438
514
439
515
437
440
516
438
441
517
439
442
518
443
519
441
444
520
442
445
521
443
446
522
447
523
445
448
524
446
449
525
447
450
526
451
527
449
452
528
450
453
529
451
454
530
455
531
453
456
532
454
457
533
455
458
534
459
535
457
460
536
458
461
537
459
462
538
463
539
461
464
540
462
465
541
463
466
542
467
543
465
468
544
466
469
545
467
470
546
471
547
469
472
548
470
473
549
471
474
550
475
551
473
476
552
474
477
553
475
478
554
479
555
477
556
478
557
479
558
559
481
484
560
482
485
561
483
486
562
487
563
485
488
564
486
489
565
487
490
566
491
567
489
492
568
490
493
569
491
494
570
495
571
493
496
572
494
497
573
495
498
574
499
575
497
500
576
498
501
577
499
502
578
503
579
501
504
580
502
505
581
503
506
582
507
583
505
508
584
506
509
585
507
510
586
511
587
509
512
588
510
513
589
511
514
590
515
591
513
516
592
514
517
593
515
518
594
519
595
517
520
596
518
521
597
519
522
598
523
599
521
524
600
522
525
601
523
526
602
527
603
525
528
604
526
529
605
527
530
606
531
607
529
532
608
530
533
609
531
534
610
535
611
533
536
612
534
537
613
535
538
614
539
615
537
540
616
538
541
617
539
542
618
543
619
541
544
620
542
545
621
543
546
622
547
623
545
548
624
546
549
625
547
550
626
551
627
549
552
628
550
553
629
551
554
630
555
631
553
556
632
554
557
633
555
558
634
559
635
557
636
558
637
559
638
639
561
564
640
562
565
641
563
566
642
567
643
565
568
644
566
569
645
567
570
646
571
647
569
572
648
570
573
649
571
574
650
575
651
573
576
652
574
577
653
575
578
654
579
655
577
580
656
578
581
657
579
582
658
583
659
581
584
660
582
585
661
583
586
662
587
663
585
588
664
586
589
665
587
590
666
591
667
589
592
668
590
593
669
591
594
670
595
671
593
596
672
594
597
673
595
598
674
599
675
597
600
676
598
601
677
599
602
678
603
679
601
604
680
602
605
681
603
606
682
607
683
605
608
684
606
609
685
607
610
686
611
687
609
612
688
610
613
689
611
614
690
615
691
613
616
692
614
617
693
615
618
694
619
695
617
620
696
618
621
697
619
622
698
623
699
621
624
700
622
625
701
623
626
702
627
703
625
628
704
626
629
705
627
630
706
631
707
629
632
708
630
633
709
631
634
710
635
711
633
636
712
634
637
713
635
638
714
639
715
637
716
638
717
639
718
719
641
644
720
642
645
721
643
646
722
647
723
645
648
724
646
649
725
647
650
726
651
727
649
652
728
650
653
729
651
654
730
655
731
653
656
732
654
657
733
655
658
734
659
735
657
660
736
658
661
737
659
662
738
663
739
661
664
740
662
665
741
663
666
742
667
743
665
668
744
666
669
745
667
670
746
671
747
669
672
748
670
673
749
671
674
750
675
751
673
676
752
674
677
753
675
678
754
679
755
677
680
756
678
681
757
679
682
758
683
759
681
684
760
682
685
761
683
686
762
687
763
685
688
764
686
689
765
687
690
766
691
767
689
692
768
690
693
769
691
694
770
695
771
693
696
772
694
697
773
695
698
774
699
775
697
700
776
698
701
777
699
702
778
703
779
701
704
780
702
705
781
703
706
782
707
783
705
708
784
706
709
785
707
710
786
711
787
709
712
788
710
713
789
711
714
790
715
791
713
716
792
714
717
793
715
718
794
719
795
717
796
718
797
719
798
799
721
724
800
722
725
801
723
726
802
727
803
725
728
804
726
729
805
727
730
806
731
807
729
732
808
730
733
809
731
734
810
735
811
733
736
812
734
737
813
735
738
814
739
815
737
740
816
738
741
817
739
742
818
743
819
741
744
820
742
745
821
743
746
822
747
823
745
748
824
746
749
825
747
750
826
751
827
749
752
828
750
753
829
751
754
830
755
831
753
756
832
754
757
833
755
758
834
759
835
757
760
836
758
761
837
759
762
838
763
839
761
764
840
762
765
841
763
766
842
767
843
765
768
844
766
769
845
767
770
846
771
847
769
772
848
770
773
849
771
774
850
775
851
773
776
852
774
777
853
775
778
854
779
855
777
780
856
778
781
857
779
782
858
783
859
781
784
860
782
785
861
783
786
862
787
863
785
788
864
786
789
865
787
790
866
791
867
789
792
868
790
793
869
791
794
870
795
871
793
796
872
794
797
873
795
798
874
799
875
797
876
798
877
799
878
879
801
804
880
802
805
881
803
806
882
807
883
805
808
884
806
809
885
807
810
886
811
887
809
812
888
810
813
889
811
814
890
815
891
813
816
892
814
817
893
815
818
894
819
895
817
820
896
818
821
897
819
822
898
823
899
821
824
900
822
825
901
823
826
902
827
903
825
828
904
826
829
905
827
830
906
831
907
829
832
908
830
833
909
831
834
910
835
911
833
836
912
834
837
913
835
838
914
839
915
837
840
916
838
841
917
839
842
918
843
919
841
844
920
842
845
921
843
846
922
847
923
845
848
924
846
849
925
847
850
926
851
927
849
852
928
850
853
929
851
854
930
855
931
853
856
932
854
857
933
855
858
934
859
935
857
860
936
858
861
937
859
862
938
863
939
861
864
940
862
865
941
863
866
942
867
943
865
868
944
866
869
945
867
870
946
871
947
869
872
948
870
873
949
871
874
950
875
951
873
876
952
874
877
953
875
878
954
879
955
877
956
878
957
879
958
959
881
884
960
882
885
961
883
886
962
887
963
885
888
964
886
889
965
887
890
966
891
967
889
892
968
890
893
969
891
894
970
895
971
893
896
972
894
897
973
895
898
974
899
975
897
900
976
898
901
977
899
902
978
903
979
901
904
980
902
905
981
903
906
982
907
983
905
908
984
906
909
985
907
910
986
911
987
909
912
988
910
913
989
911
914
990
915
991
913
916
992
914
917
993
915
918
994
919
995
917
920
996
918
921
997
919
922
998
923
999
921
924
1000
922
925
1001
923
926
1002
927
1003
925
928
1004
926
929
1005
927
930
1006
931
1007
929
932
1008
930
933
1009
931
934
1010
935
1011
933
936
1012
934
937
1013
935
938
1014
939
1015
937
940
1016
938
941
1017
939
942
1018
943
1019
941
944
1020
942
945
1021
943
946
1022
947
1023
945
948
1024
946
949
1025
947
950
1026
951
1027
949
952
1028
950
953
1029
951
954
1030
955
1031
953
956
1032
954
957
1033
955
958
1034
959
1035
957
1036
958
1037
959
1038
1039
961
964
1040
962
965
1041
963
966
1042
967
1043
965
968
1044
966
969
1045
967
970
1046
971
1047
969
972
1048
970
973
1049
971
974
1050
975
1051
973
976
1052
974
977
1053
975
978
1054
979
1055
977
980
1056
978
981
1057
979
982
1058
983
1059
981
984
1060
982
985
1061
983
986
1062
987
1063
985
988
1064
986
989
1065
987
990
1066
991
1067
989
992
1068
990
993
1069
991
994
1070
995
1071
993
996
1072
994
997
1073
995
998
1074
999
1075
997
1000
1076
998
1001
1077
999
1002
1078
1003
1079
1001
1004
1080
1002
1005
1081
1003
1006
1082
1007
1083
1005
1008
1084
1006
1009
1085
1007
1010
1086
1011
1087
1009
1012
1088
1010
1013
1089
1011
1014
1090
1015
1091
1013
1016
1092
1014
1017
1093
1015
1018
1094
1019
1095
1017
1020
1096
1018
1021
1097
1019
1022
1098
1023
1099
1021
1024
1100
1022
1025
1101
1023
1026
1102
1027
1103
1025
1028
1104
1026
1029
1105
1027
1030
1106
1031
1107
1029
1032
1108
1030
1033
1109
1031
1034
1110
1035
1111
1033
1036
1112
1034
1037
1113
1035
1038
1114
1039
1115
1037
1116
1038
1117
1039
1118
1119
1041
1044
1120
1042
1045
1121
1043
1046
1122
1047
1123
1045
1048
1124
1046
1049
1125
1047
1050
1126
1051
1127
1049
1052
1128
1050
1053
1129
1051
1054
1130
1055
1131
1053
1056
1132
1054
1057
1133
1055
1058
1134
1059
1135
1057
1060
1136
1058
1061
1137
1059
1062
1138
1063
1139
1061
1064
1140
1062
1065
1141
1063
1066
1142
1067
1143
1065
1068
1144
1066
1069
1145
1067
1070
1146
1071
1147
1069
1072
1148
1070
1073
1149
1071
1074
1150
1075
1151
1073
1076
1152
1074
1077
1153
1075
1078
1154
1079
1155
1077
1080
1156
1078
1081
1157
1079
1082
1158
1083
1159
1081
1084
1160
1082
1085
1161
1083
1086
1162
1087
1163
1085
1088
1164
1086
1089
1165
1087
1090
1166
1091
1167
1089
1092
1168
1090
1093
1169
1091
1094
1170
1095
1171
1093
1096
1172
1094
1097
1173
1095
1098
1174
1099
1175
1097
1100
1176
1098
1101
1177
1099
1102
1178
1103
1179
1101
1104
1180
1102
1105
1181
1103
1106
1182
1107
1183
1105
1108
1184
1106
1109
1185
1107
1110
1186
1111
1187
1109
1112
1188
1110
1113
1189
1111
1114
1190
1115
1191
1113
1116
1192
1114
1117
1193
1115
1118
1194
1119
1195
1117
1196
1118
1197
1119
1198
1199
1121
1124
1200
1122
1125
1201
1123
1126
1202
1127
1203
1125
1128
1204
1126
1129
1205
1127
1130
1206
1131
1207
1129
1132
1208
1130
1133
1209
1131
1134
1210
1135
1211
1133
1136
1212
1134
1137
1213
1135
1138
1214
1139
1215
1137
1140
1216
1138
1141
1217
1139
1142
1218
1143
1219
1141
1144
1220
1142
1145
1221
1143
1146
1222
1147
1223
1145
1148
1224
1146
1149
1225
1147
1150
1226
1151
1227
1149
1152
1228
1150
1153
1229
1151
1154
1230
1155
1231
1153
1156
1232
1154
1157
1233
1155
1158
1234
1159
1235
1157
1160
1236
1158
1161
1237
1159
1162
1238
1163
1239
1161
1164
1240
1162
1165
1241
1163
1166
1242
1167
1243
1165
1168
1244
1166
1169
1245
1167
1170
1246
1171
1247
1169
1172
1248
1170
1173
1249
1171
1174
1250
1175
1251
1173
1176
1252
1174
1177
1253
1175
1178
1254
1179
1255
1177
1180
1256
1178
1181
1257
1179
1182
1258
1183
1259
1181
1184
1260
1182
1185
1261
1183
1186
1262
1187
1263
1185
1188
1264
1186
1189
1265
1187
1190
1266
1191
1267
1189
1192
1268
1190
1193
1269
1191
1194
1270
1195
1271
1193
1196
1272
1194
1197
1273
1195
1198
1274
1199
1275
1197
1276
1198
1277
1199
1278
1279
1201
1204
1280
1202
1205
1281
1203
1206
1282
1207
1283
1205
1208
1284
1206
1209
1285
1207
1210
1286
1211
1287
1209
1212
1288
1210
1213
1289
1211
1214
1290
1215
1291
1213
1216
1292
1214
1217
1293
1215
1218
1294
1219
1295
1217
1220
1296
1218
1221
1297
1219
1222
1298
1223
1299
1221
1224
1300
1222
1225
1301
1223
1226
1302
1227
1303
1225
1228
1304
1226
1229
1305
1227
1230
1306
1231
1307
1229
1232
1308
1230
1233
1309
1231
1234
1310
1235
1311
1233
1236
1312
1234
1237
1313
1235
1238
1314
1239
1315
1237
1240
1316
1238
1241
1317
1239
1242
1318
1243
1319
1241
1244
1320
1242
1245
1321
1243
1246
1322
1247
1323
1245
1248
1324
1246
1249
1325
1247
1250
1326
1251
1327
1249
1252
1328
1250
1253
1329
1251
1254
1330
1255
1331
1253
1256
1332
1254
1257
1333
1255
1258
1334
1259
1335
1257
1260
1336
1258
1261
1337
1259
1262
1338
1263
1339
1261
1264
1340
1262
1265
1341
1263
1266
1342
1267
1343
1265
1268
1344
1266
1269
1345
1267
1270
1346
1271
1347
1269
1272
1348
1270
1273
1349
1271
1274
1350
1275
1351
1273
1276
1352
1274
1277
1353
1275
1278
1354
1279
1355
1277
1356
1278
1357
1279
1358
1359
1281
1284
1360
1282
1285
1361
1283
1286
1362
1287
1363
1285
1288
1364
1286
1289
1365
1287
1290
1366
1291
1367
1289
1292
1368
1290
1293
1369
1291
1294
1370
1295
1371
1293
1296
1372
1294
1297
1373
1295
1298
1374
1299
1375
1297
1300
1376
1298
1301
1377
1299
1302
1378
1303
1379
1301
1304
1380
1302
1305
1381
1303
1306
1382
1307
1383
1305
1308
1384
1306
1309
1385
1307
1310
1386
1311
1387
1309
1312
1388
1310
1313
1389
1311
1314
1390
1315
1391
1313
1316
1392
1314
1317
1393
1315
1318
1394
1319
1395
1317
1320
1396
1318
1321
1397
1319
1322
1398
1323
1399
1321
1324
1400
1322
1325
1401
1323
1326
1402
1327
1403
1325
1328
1404
1326
1329
1405
1327
1330
1406
1331
1407
1329
1332
1408
1330
1333
1409
1331
1334
1410
1335
1411
1333
1336
1412
1334
1337
1413
1335
1338
1414
1339
1415
1337
1340
1416
1338
1341
1417
1339
1342
1418
1343
1419
1341
1344
1420
1342
1345
1421
1343
1346
1422
1347
1423
1345
1348
1424
1346
1349
1425
1347
1350
1426
1351
1427
1349
1352
1428
1350
1353
1429
1351
1354
1430
1355
1431
1353
1356
1432
1354
1357
1433
1355
1358
1434
1359
1435
1357
1436
1358
1437
1359
1438
1439
1361
1364
1440
1362
1365
1441
1363
1366
1442
1367
1443
1365
1368
1444
1366
1369
1445
1367
1370
1446
1371
1447
1369
1372
1448
1370
1373
1449
1371
1374
1450
1375
1451
1373
1376
1452
1374
1377
1453
1375
1378
1454
1379
1455
1377
1380
1456
1378
1381
1457
1379
1382
1458
1383
1459
1381
1384
1460
1382
1385
1461
1383
1386
1462
1387
1463
1385
1388
1464
1386
1389
1465
1387
1390
1466
1391
1467
1389
1392
1468
1390
1393
1469
1391
1394
1470
1395
1471
1393
1396
1472
1394
1397
1473
1395
1398
1474
1399
1475
1397
1400
1476
1398
1401
1477
1399
1402
1478
1403
1479
1401
1404
1480
1402
1405
1481
1403
1406
1482
1407
1483
1405
1408
1484
1406
1409
1485
1407
1410
1486
1411
1487
1409
1412
1488
1410
1413
1489
1411
1414
1490
1415
1491
1413
1416
1492
1414
1417
1493
1415
1418
1494
1419
1495
1417
1420
1496
1418
1421
1497
1419
1422
1498
1423
1499
1421
1424
1500
1422
1425
1501
1423
1426
1502
1427
1503
1425
1428
1504
1426
1429
1505
1427
1430
1506
1431
1507
1429
1432
1508
1430
1433
1509
1431
1434
1510
1435
1511
1433
1436
1512
1434
1437
1513
1435
1438
1514
1439
1515
1437
1516
1438
1517
1439
1518
1519
1441
1444
1520
1442
1445
1521
1443
1446
1522
1447
1523
1445
1448
1524
1446
1449
1525
1447
1450
1526
1451
1527
1449
1452
1528
1450
1453
1529
1451
1454
1530
1455
1531
1453
1456
1532
1454
1457
1533
1455
1458
1534
1459
1535
1457
1460
1536
1458
1461
1537
1459
1462
1538
1463
1539
1461
1464
1540
1462
1465
1541
1463
1466
1542
1467
1543
1465
1468
1544
1466
1469
1545
1467
1470
1546
1471
1547
1469
1472
1548
1470
1473
1549
1471
1474
1550
1475
1551
1473
1476
1552
1474
1477
1553
1475
1478
1554
1479
1555
1477
1480
1556
1478
1481
1557
1479
1482
1558
1483
1559
1481
1484
1560
1482
1485
1561
1483
1486
1562
1487
1563
1485
1488
1564
1486
1489
1565
1487
1490
1566
1491
1567
1489
1492
1568
1490
1493
1569
1491
1494
1570
1495
1571
1493
1496
1572
1494
1497
1573
1495
1498
1574
1499
1575
1497
1500
1576
1498
1501
1577
1499
1502
1578
1503
1579
1501
1504
1580
1502
1505
1581
1503
1506
1582
1507
1583
1505
1508
1584
1506
1509
1585
1507
1510
1586
1511
1587
1509
1512
1588
1510
1513
1589
1511
1514
1590
1515
1591
1513
1516
1592
1514
1517
1593
1515
1518
1594
1519
1595
1517
1596
1518
1597
1519
1598
1599
1521
1524
1600
1522
1525
1601
1523
1526
1602
1527
1603
1525
1528
1604
1526
1529
1605
1527
1530
1606
1531
1607
1529
1532
1608
1530
1533
1609
1531
1534
1610
1535
1611
1533
1536
1612
1534
1537
1613
1535
1538
1614
1539
1615
1537
1540
1616
1538
1541
1617
1539
1542
1618
1543
1619
1541
1544
1620
1542
1545
1621
1543
1546
1622
1547
1623
1545
1548
1624
1546
1549
1625
1547
1550
1626
1551
1627
1549
1552
1628
1550
1553
1629
1551
1554
1630
1555
1631
1553
1556
1632
1554
1557
1633
1555
1558
1634
1559
1635
1557
1560
1636
1558
1561
1637
1559
1562
1638
1563
1639
1561
1564
1640
1562
1565
1641
1563
1566
1642
1567
1643
1565
1568
1644
1566
1569
1645
1567
1570
1646
1571
1647
1569
1572
1648
1570
1573
1649
1571
1574
1650
1575
1651
1573
1576
1652
1574
1577
1653
1575
1578
1654
1579
1655
1577
1580
1656
1578
1581
1657
1579
1582
1658
1583
1659
1581
1584
1660
1582
1585
1661
1583
1586
1662
1587
1663
1585
1588
1664
1586
1589
1665
1587
1590
1666
1591
1667
1589
1592
1668
1590
1593
1669
1591
1594
1670
1595
1671
1593
1596
1672
1594
1597
1673
1595
1598
1674
1599
1675
1597
1676
1598
1677
1599
1678
1679
1601
1604
1680
1602
1605
1681
1603
1606
1682
1607
1683
1605
1608
1684
1606
1609
1685
1607
1610
1686
1611
1687
1609
1612
1688
1610
1613
1689
1611
1614
1690
1615
1691
1613
1616
1692
1614
1617
1693
1615
1618
1694
1619
1695
1617
1620
1696
1618
1621
1697
1619
1622
1698
1623
1699
1621
1624
1700
1622
1625
1701
1623
1626
1702
1627
1703
1625
1628
1704
1626
1629
1705
1627
1630
1706
1631
1707
1629
1632
1708
1630
1633
1709
1631
1634
1710
1635
1711
1633
1636
1712
1634
1637
1713
1635
1638
1714
1639
1715
1637
1640
1716
1638
1641
1717
1639
1642
1718
1643
1719
1641
1644
1720
1642
1645
1721
1643
1646
1722
1647
1723
1645
1648
1724
1646
1649
1725
1647
1650
1726
1651
1727
1649
1652
1728
1650
1653
1729
1651
1654
1730
1655
1731
1653
1656
1732
1654
1657
1733
1655
1658
1734
1659
1735
1657
1660
1736
1658
1661
1737
1659
1662
1738
1663
1739
1661
1664
1740
1662
1665
1741
1663
1666
1742
1667
1743
1665
1668
1744
1666
1669
1745
1667
1670
1746
1671
1747
1669
1672
1748
1670
1673
1749
1671
1674
1750
1675
1751
1673
1676
1752
1674
1677
1753
1675
1678
1754
1679
1755
1677
1756
1678
1757
1679
1758
1759
1681
1684
1760
1682
1685
1761
1683
1686
1762
1687
1763
1685
1688
1764
1686
1689
1765
1687
1690
1766
1691
1767
1689
1692
1768
1690
1693
1769
1691
1694
1770
1695
1771
1693
1696
1772
1694
1697
1773
1695
1698
1774
1699
1775
1697
1700
1776
1698
1701
1777
1699
1702
1778
1703
1779
1701
1704
1780
1702
1705
1781
1703
1706
1782
1707
1783
1705
1708
1784
1706
1709
1785
1707
1710
1786
1711
1787
1709
1712
1788
1710
1713
1789
1711
1714
1790
1715
1791
1713
1716
1792
1714
1717
1793
1715
1718
1794
1719
1795
1717
1720
1796
1718
1721
1797
1719
1722
1798
1723
1799
1721
1724
1800
1722
1725
1801
1723
1726
1802
1727
1803
1725
1728
1804
1726
1729
1805
1727
1730
1806
1731
1807
1729
1732
1808
1730
1733
1809
1731
1734
1810
1735
1811
1733
1736
1812
1734
1737
1813
1735
1738
1814
1739
1815
1737
1740
1816
1738
1741
1817
1739
1742
1818
1743
1819
1741
1744
1820
1742
1745
1821
1743
1746
1822
1747
1823
1745
1748
1824
1746
1749
1825
1747
1750
1826
1751
1827
1749
1752
1828
1750
1753
1829
1751
1754
1830
1755
1831
1753
1756
1832
1754
1757
1833
1755
1758
1834
1759
1835
1757
1836
1758
1837
1759
1838
1839
1761
1764
1840
1762
1765
1841
1763
1766
1842
1767
1843
1765
1768
1844
1766
1769
1845
1767
1770
1846
1771
1847
1769
1772
1848
1770
1773
1849
1771
1774
1850
1775
1851
1773
1776
1852
1774
1777
1853
1775
1778
1854
1779
1855
1777
1780
1856
1778
1781
1857
1779
1782
1858
1783
1859
1781
1784
1860
1782
1785
1861
1783
1786
1862
1787
1863
1785
1788
1864
1786
1789
1865
1787
1790
1866
1791
1867
1789
1792
1868
1790
1793
1869
1791
1794
1870
1795
1871
1793
1796
1872
1794
1797
1873
1795
1798
1874
1799
1875
1797
1800
1876
1798
1801
1877
1799
1802
1878
1803
1879
1801
1804
1880
1802
1805
1881
1803
1806
1882
1807
1883
1805
1808
1884
1806
1809
1885
1807
1810
1886
1811
1887
1809
1812
1888
1810
1813
1889
1811
1814
1890
1815
1891
1813
1816
1892
1814
1817
1893
1815
1818
1894
1819
1895
1817
1820
1896
1818
1821
1897
1819
1822
1898
1823
1899
1821
1824
1900
1822
1825
1901
1823
1826
1902
1827
1903
1825
1828
1904
1826
1829
1905
1827
1830
1906
1831
1907
1829
1832
1908
1830
1833
1909
1831
1834
1910
1835
1911
1833
1836
1912
1834
1837
1913
1835
1838
1914
1839
1915
1837
1916
1838
1917
1839
1918
1919
1841
1844
1920
1842
1845
1921
1843
1846
1922
1847
1923
1845
1848
1924
1846
1849
1925
1847
1850
1926
1851
1927
1849
1852
1928
1850
1853
1929
1851
1854
1930
1855
1931
1853
1856
1932
1854
1857
1933
1855
1858
1934
1859
1935
1857
1860
1936
1858
1861
1937
1859
1862
1938
1863
1939
1861
1864
1940
1862
1865
1941
1863
1866
1942
1867
1943
1865
1868
1944
1866
1869
1945
1867
1870
1946
1871
1947
1869
1872
1948
1870
1873
1949
1871
1874
1950
1875
1951
1873
1876
1952
1874
1877
1953
1875
1878
1954
1879
1955
1877
1880
1956
1878
1881
1957
1879
1882
1958
1883
1959
1881
1884
1960
1882
1885
1961
1883
1886
1962
1887
1963
1885
1888
1964
1886
1889
1965
1887
1890
1966
1891
1967
1889
1892
1968
1890
1893
1969
1891
1894
1970
1895
1971
1893
1896
1972
1894
1897
1973
1895
1898
1974
1899
1975
1897
1900
1976
1898
1901
1977
1899
1902
1978
1903
1979
1901
1904
1980
1902
1905
1981
1903
1906
1982
1907
1983
1905
1908
1984
1906
1909
1985
1907
1910
1986
1911
1987
1909
1912
1988
1910
1913
1989
1911
1914
1990
1915
1991
1913
1916
1992
1914
1917
1993
1915
1918
1994
1919
1995
1917
1996
1918
1997
1919
1998
1999
1921
1924
2000
1922
1925
2001
1923
1926
2002
1927
2003
1925
1928
2004
1926
1929
2005
1927
1930
2006
1931
2007
1929
1932
2008
1930
1933
2009
1931
1934
2010
1935
2011
1933
1936
2012
1934
1937
2013
1935
1938
2014
1939
2015
1937
1940
2016
1938
1941
2017
1939
1942
2018
1943
2019
1941
1944
2020
1942
1945
2021
1943
1946
2022
1947
2023
1945
1948
2024
1946
1949
2025
1947
1950
2026
1951
2027
1949
1952
2028
1950
1953
2029
1951
1954
2030
1955
2031
1953
1956
2032
1954
1957
2033
1955
1958
2034
1959
2035
1957
1960
2036
1958
1961
2037
1959
1962
2038
1963
2039
1961
1964
2040
1962
1965
2041
1963
1966
2042
1967
2043
1965
1968
2044
1966
1969
2045
1967
1970
2046
1971
2047
1969
1972
2048
1970
1973
2049
1971
1974
2050
1975
2051
1973
1976
2052
1974
1977
2053
1975
1978
2054
1979
2055
1977
1980
2056
1978
1981
2057
1979
1982
2058
1983
2059
1981
1984
2060
1982
1985
2061
1983
1986
2062
1987
2063
1985
1988
2064
1986
1989
2065
1987
1990
2066
1991
2067
1989
1992
2068
1990
1993
2069
1991
1994
2070
1995
2071
1993
1996
2072
1994
1997
2073
1995
1998
2074
1999
2075
1997
2076
1998
2077
1999
2078
2079
2001
2004
2080
2002
2005
2081
2003
2006
2082
2007
2083
2005
2008
2084
2006
2009
2085
2007
2010
2086
2011
2087
2009
2012
2088
2010
2013
2089
2011
2014
2090
2015
2091
2013
2016
2092
2014
2017
2093
2015
2018
2094
2019
2095
2017
2020
2096
2018
2021
2097
2019
2022
2098
2023
2099
2021
2024
2100
2022
2025
2101
2023
2026
2102
2027
2103
2025
2028
2104
2026
2029
2105
2027
2030
2106
2031
2107
2029
2032
2108
2030
2033
2109
2031
2034
2110
2035
2111
2033
2036
2112
2034
2037
2113
2035
2038
2114
2039
2115
2037
2040
2116
2038
2041
2117
2039
2042
2118
2043
2119
2041
2044
2120
2042
2045
2121
2043
2046
2122
2047
2123
2045
2048
2124
2046
2049
2125
2047
2050
2126
2051
2127
2049
2052
2128
2050
2053
2129
2051
2054
2130
2055
2131
2053
2056
2132
2054
2057
2133
2055
2058
2134
2059
2135
2057
2060
2136
2058
2061
2137
2059
2062
2138
2063
2139
2061
2064
2140
2062
2065
2141
2063
2066
2142
2067
2143
2065
2068
2144
2066
2069
2145
2067
2070
2146
2071
2147
2069
2072
2148
2070
2073
2149
2071
2074
2150
2075
2151
2073
2076
2152
2074
2077
2153
2075
2078
2154
2079
2155
2077
2156
2078
2157
2079
2158
2159
2081
2084
2160
2082
2085
2161
2083
2086
2162
2087
2163
2085
2088
2164
2086
2089
2165
2087
2090
2166
2091
2167
2089
2092
2168
2090
2093
2169
2091
2094
2170
2095
2171
2093
2096
2172
2094
2097
2173
2095
2098
2174
2099
2175
2097
2100
2176
2098
2101
2177
2099
2102
2178
2103
2179
2101
2104
2180
2102
2105
2181
2103
2106
2182
2107
2183
2105
2108
2184
2106
2109
2185
2107
2110
2186
2111
2187
2109
2112
2188
2110
2113
2189
2111
2114
2190
2115
2191
2113
2116
2192
2114
2117
2193
2115
2118
2194
2119
2195
2117
2120
2196
2118
2121
2197
2119
2122
2198
2123
2199
2121
2124
2200
2122
2125
2201
2123
2126
2202
2127
2203
2125
2128
2204
2126
2129
2205
2127
2130
2206
2131
2207
2129
2132
2208
2130
2133
2209
2131
2134
2210
2135
2211
2133
2136
2212
2134
2137
2213
2135
2138
2214
2139
2215
2137
2140
2216
2138
2141
2217
2139
2142
2218
2143
2219
2141
2144
2220
2142
2145
2221
2143
2146
2222
2147
2223
2145
2148
2224
2146
2149
2225
2147
2150
2226
2151
2227
2149
2152
2228
2150
2153
2229
2151
2154
2230
2155
2231
2153
2156
2232
2154
2157
2233
2155
2158
2234
2159
2235
2157
2236
2158
2237
2159
2238
2239
2161
2164
2240
2162
2165
2241
2163
2166
2242
2167
2243
2165
2168
2244
2166
2169
2245
2167
2170
2246
2171
2247
2169
2172
2248
2170
2173
2249
2171
2174
2250
2175
2251
2173
2176
2252
2174
2177
2253
2175
2178
2254
2179
2255
2177
2180
2256
2178
2181
2257
2179
2182
2258
2183
2259
2181
2184
2260
2182
2185
2261
2183
2186
2262
2187
2263
2185
2188
2264
2186
2189
2265
2187
2190
2266
2191
2267
2189
2192
2268
2190
2193
2269
2191
2194
2270
2195
2271
2193
2196
2272
2194
2197
2273
2195
2198
2274
2199
2275
2197
2200
2276
2198
2201
2277
2199
2202
2278
2203
2279
2201
2204
2280
2202
2205
2281
2203
2206
2282
2207
2283
2205
2208
2284
2206
2209
2285
2207
2210
2286
2211
2287
2209
2212
2288
2210
2213
2289
2211
2214
2290
2215
2291
2213
2216
2292
2214
2217
2293
2215
2218
2294
2219
2295
2217
2220
2296
2218
2221
2297
2219
2222
2298
2223
2299
2221
2224
2300
2222
2225
2301
2223
2226
2302
2227
2303
2225
2228
2304
2226
2229
2305
2227
2230
2306
2231
2307
2229
2232
2308
2230
2233
2309
2231
2234
2310
2235
2311
2233
2236
2312
2234
2237
2313
2235
2238
2314
2239
2315
2237
2316
2238
2317
2239
2318
2319
2241
2244
2320
2242
2245
2321
2243
2246
2322
2247
2323
2245
2248
2324
2246
2249
2325
2247
2250
2326
2251
2327
2249
2252
2328
2250
2253
2329
2251
2254
2330
2255
2331
2253
2256
2332
2254
2257
2333
2255
2258
2334
2259
2335
2257
2260
2336
2258
2261
2337
2259
2262
2338
2263
2339
2261
2264
2340
2262
2265
2341
2263
2266
2342
2267
2343
2265
2268
2344
2266
2269
2345
2267
2270
2346
2271
2347
2269
2272
2348
2270
2273
2349
2271
2274
2350
2275
2351
2273
2276
2352
2274
2277
2353
2275
2278
2354
2279
2355
2277
2280
2356
2278
2281
2357
2279
2282
2358
2283
2359
2281
2284
2360
2282
2285
2361
2283
2286
2362
2287
2363
2285
2288
2364
2286
2289
2365
2287
2290
2366
2291
2367
2289
2292
2368
2290
2293
2369
2291
2294
2370
2295
2371
2293
2296
2372
2294
2297
2373
2295
2298
2374
2299
2375
2297
2300
2376
2298
2301
2377
2299
2302
2378
2303
2379
2301
2304
2380
2302
2305
2381
2303
2306
2382
2307
2383
2305
2308
2384
2306
2309
2385
2307
2310
2386
2311
2387
2309
2312
2388
2310
2313
2389
2311
2314
2390
2315
2391
2313
2316
2392
2314
2317
2393
2315
2318
2394
2319
2395
2317
2396
2318
2397
2319
2398
2399
2321
2324
2400
2322
2325
2401
2323
2326
2402
2327
2403
2325
2328
2404
2326
2329
2405
2327
2330
2406
2331
2407
2329
2332
2408
2330
2333
2409
2331
2334
2410
2335
2411
2333
2336
2412
2334
2337
2413
2335
2338
2414
2339
2415
2337
2340
2416
2338
2341
2417
2339
2342
2418
2343
2419
2341
2344
2420
2342
2345
2421
2343
2346
2422
2347
2423
2345
2348
2424
2346
2349
2425
2347
2350
2426
2351
2427
2349
2352
2428
2350
2353
2429
2351
2354
2430
2355
2431
2353
2356
2432
2354
2357
2433
2355
2358
2434
2359
2435
2357
2360
2436
2358
2361
2437
2359
2362
2438
2363
2439
2361
2364
2440
2362
2365
2441
2363
2366
2442
2367
2443
2365
2368
2444
2366
2369
2445
2367
2370
2446
2371
2447
2369
2372
2448
2370
2373
2449
2371
2374
2450
2375
2451
2373
2376
2452
2374
2377
2453
2375
2378
2454
2379
2455
2377
2380
2456
2378
2381
2457
2379
2382
2458
2383
2459
2381
2384
2460
2382
2385
2461
2383
2386
2462
2387
2463
2385
2388
2464
2386
2389
2465
2387
2390
2466
2391
2467
2389
2392
2468
2390
2393
2469
2391
2394
2470
2395
2471
2393
2396
2472
2394
2397
2473
2395
2398
2474
2399
2475
2397
2476
2398
2477
2399
2478
2479
2401
2404
2480
2402
2405
2481
2403
2406
2482
2407
2483
2405
2408
2484
2406
2409
2485
2407
2410
2486
2411
2487
2409
2412
2488
2410
2413
2489
2411
2414
2490
2415
2491
2413
2416
2492
2414
2417
2493
2415
2418
2494
2419
2495
2417
2420
2496
2418
2421
2497
2419
2422
2498
2423
2499
2421
2424
2500
2422
2425
2501
2423
2426
2502
2427
2503
2425
2428
2504
2426
2429
2505
2427
2430
2506
2431
2507
2429
2432
2508
2430
2433
2509
2431
2434
2510
2435
2511
2433
2436
2512
2434
2437
2513
2435
2438
2514
2439
2515
2437
2440
2516
2438
2441
2517
2439
2442
2518
2443
2519
2441
2444
2520
2442
2445
2521
2443
2446
2522
2447
2523
2445
2448
2524
2446
2449
2525
2447
2450
2526
2451
2527
2449
2452
2528
2450
2453
2529
2451
2454
2530
2455
2531
2453
2456
2532
2454
2457
2533
2455
2458
2534
2459
2535
2457
2460
2536
2458
2461
2537
2459
2462
2538
2463
2539
2461
2464
2540
2462
2465
2541
2463
2466
2542
2467
2543
2465
2468
2544
2466
2469
2545
2467
2470
2546
2471
2547
2469
2472
2548
2470
2473
2549
2471
2474
2550
2475
2551
2473
2476
2552
2474
2477
2553
2475
2478
2554
2479
2555
2477
2556
2478
2557
2479
2558
2559
2481
2484
2560
2482
2485
2561
2483
2486
2562
2487
2563
2485
2488
2564
2486
2489
2565
2487
2490
2566
2491
2567
2489
2492
2568
2490
2493
2569
2491
2494
2570
2495
2571
2493
2496
2572
2494
2497
2573
2495
2498
2574
2499
2575
2497
2500
2576
2498
2501
2577
2499
2502
2578
2503
2579
2501
2504
2580
2502
2505
2581
2503
2506
2582
2507
2583
2505
2508
2584
2506
2509
2585
2507
2510
2586
2511
2587
2509
2512
2588
2510
2513
2589
2511
2514
2590
2515
2591
2513
2516
2592
2514
2517
2593
2515
2518
2594
2519
2595
2517
2520
2596
2518
2521
2597
2519
2522
2598
2523
2599
2521
2524
2600
2522
2525
2601
2523
2526
2602
2527
2603
2525
2528
2604
2526
2529
2605
2527
2530
2606
2531
2607
2529
2532
2608
2530
2533
2609
2531
2534
2610
2535
2611
2533
2536
2612
2534
2537
2613
2535
2538
2614
2539
2615
2537
2540
2616
2538
2541
2617
2539
2542
2618
2543
2619
2541
2544
2620
2542
2545
2621
2543
2546
2622
2547
2623
2545
2548
2624
2546
2549
2625
2547
2550
2626
2551
2627
2549
2552
2628
2550
2553
2629
2551
2554
2630
2555
2631
2553
2556
2632
2554
2557
2633
2555
2558
2634
2559
2635
2557
2636
2558
2637
2559
2638
2639
2561
2564
2640
2562
2565
2641
2563
2566
2642
2567
2643
2565
2568
2644
2566
2569
2645
2567
2570
2646
2571
2647
2569
2572
2648
2570
2573
2649
2571
2574
2650
2575
2651
2573
2576
2652
2574
2577
2653
2575
2578
2654
2579
2655
2577
2580
2656
2578
2581
2657
2579
2582
2658
2583
2659
2581
2584
2660
2582
2585
2661
2583
2586
2662
2587
2663
2585
2588
2664
2586
2589
2665
2587
2590
2666
2591
2667
2589
2592
2668
2590
2593
2669
2591
2594
2670
2595
2671
2593
2596
2672
2594
2597
2673
2595
2598
2674
2599
2675
2597
2600
2676
2598
2601
2677
2599
2602
2678
2603
2679
2601
2604
2680
2602
2605
2681
2603
2606
2682
2607
2683
2605
2608
2684
2606
2609
2685
2607
2610
2686
2611
2687
2609
2612
2688
2610
2613
2689
2611
2614
2690
2615
2691
2613
2616
2692
2614
2617
2693
2615
2618
2694
2619
2695
2617
2620
2696
2618
2621
2697
2619
2622
2698
2623
2699
2621
2624
2700
2622
2625
2701
2623
2626
2702
2627
2703
2625
2628
2704
2626
2629
2705
2627
2630
2706
2631
2707
2629
2632
2708
2630
2633
2709
2631
2634
2710
2635
2711
2633
2636
2712
2634
2637
2713
2635
2638
2714
2639
2715
2637
2716
2638
2717
2639
2718
2719
2641
2644
2720
2642
2645
2721
2643
2646
2722
2647
2723
2645
2648
2724
2646
2649
2725
2647
2650
2726
2651
2727
2649
2652
2728
2650
2653
2729
2651
2654
2730
2655
2731
2653
2656
2732
2654
2657
2733
2655
2658
2734
2659
2735
2657
2660
2736
2658
2661
2737
2659
2662
2738
2663
2739
2661
2664
2740
2662
2665
2741
2663
2666
2742
2667
2743
2665
2668
2744
2666
2669
2745
2667
2670
2746
2671
2747
2669
2672
2748
2670
2673
2749
2671
2674
2750
2675
2751
2673
2676
2752
2674
2677
2753
2675
2678
2754
2679
2755
2677
2680
2756
2678
2681
2757
2679
2682
2758
2683
2759
2681
2684
2760
2682
2685
2761
2683
2686
2762
2687
2763
2685
2688
2764
2686
2689
2765
2687
2690
2766
2691
2767
2689
2692
2768
2690
2693
2769
2691
2694
2770
2695
2771
2693
2696
2772
2694
2697
2773
2695
2698
2774
2699
2775
2697
2700
2776
2698
2701
2777
2699
2702
2778
2703
2779
2701
2704
2780
2702
2705
2781
2703
2706
2782
2707
2783
2705
2708
2784
2706
2709
2785
2707
2710
2786
2711
2787
2709
2712
2788
2710
2713
2789
2711
2714
2790
2715
2791
2713
2716
2792
2714
2717
2793
2715
2718
2794
2719
2795
2717
2796
2718
2797
2719
2798
2799
2721
2724
2800
2722
2725
2801
2723
2726
2802
2727
2803
2725
2728
2804
2726
2729
2805
2727
2730
2806
2731
2807
2729
2732
2808
2730
2733
2809
2731
2734
2810
2735
2811
2733
2736
2812
2734
2737
2813
2735
2738
2814
2739
2815
2737
2740
2816
2738
2741
2817
2739
2742
2818
2743
2819
2741
2744
2820
2742
2745
2821
2743
2746
2822
2747
2823
2745
2748
2824
2746
2749
2825
2747
2750
2826
2751
2827
2749
2752
2828
2750
2753
2829
2751
2754
2830
2755
2831
2753
2756
2832
2754
2757
2833
2755
2758
2834
2759
2835
2757
2760
2836
2758
2761
2837
2759
2762
2838
2763
2839
2761
2764
2840
2762
2765
2841
2763
2766
2842
2767
2843
2765
2768
2844
2766
2769
2845
2767
2770
2846
2771
2847
2769
2772
2848
2770
2773
2849
2771
2774
2850
2775
2851
2773
2776
2852
2774
2777
2853
2775
2778
2854
2779
2855
2777
2780
2856
2778
2781
2857
2779
2782
2858
2783
2859
2781
2784
2860
2782
2785
2861
2783
2786
2862
2787
2863
2785
2788
2864
2786
2789
2865
2787
2790
2866
2791
2867
2789
2792
2868
2790
2793
2869
2791
2794
2870
2795
2871
2793
2796
2872
2794
2797
2873
2795
2798
2874
2799
2875
2797
2876
2798
2877
2799
2878
2879
2801
2804
2880
2802
2805
2881
2803
2806
2882
2807
2883
2805
2808
2884
2806
2809
2885
2807
2810
2886
2811
2887
2809
2812
2888
2810
2813
2889
2811
2814
2890
2815
2891
2813
2816
2892
2814
2817
2893
2815
2818
2894
2819
2895
2817
2820
2896
2818
2821
2897
2819
2822
2898
2823
2899
2821
2824
2900
2822
2825
2901
2823
2826
2902
2827
2903
2825
2828
2904
2826
2829
2905
2827
2830
2906
2831
2907
2829
2832
2908
2830
2833
2909
2831
2834
2910
2835
2911
2833
2836
2912
2834
2837
2913
2835
2838
2914
2839
2915
2837
2840
2916
2838
2841
2917
2839
2842
2918
2843
2919
2841
2844
2920
2842
2845
2921
2843
2846
2922
2847
2923
2845
2848
2924
2846
2849
2925
2847
2850
2926
2851
2927
2849
2852
2928
2850
2853
2929
2851
2854
2930
2855
2931
2853
2856
2932
2854
2857
2933
2855
2858
2934
2859
2935
2857
2860
2936
2858
2861
2937
2859
2862
2938
2863
2939
2861
2864
2940
2862
2865
2941
2863
2866
2942
2867
2943
2865
2868
2944
2866
2869
2945
2867
2870
2946
2871
2947
2869
2872
2948
2870
2873
2949
2871
2874
2950
2875
2951
2873
2876
2952
2874
2877
2953
2875
2878
2954
2879
2955
2877
2956
2878
2957
2879
2958
2959
2881
2884
2960
2882
2885
2961
2883
2886
2962
2887
2963
2885
2888
2964
2886
2889
2965
2887
2890
2966
2891
2967
2889
2892
2968
2890
2893
2969
2891
2894
2970
2895
2971
2893
2896
2972
2894
2897
2973
2895
2898
2974
2899
2975
2897
2900
2976
2898
2901
2977
2899
2902
2978
2903
2979
2901
2904
2980
2902
2905
2981
2903
2906
2982
2907
2983
2905
2908
2984
2906
2909
2985
2907
2910
2986
2911
2987
2909
2912
2988
2910
2913
2989
2911
2914
2990
2915
2991
2913
2916
2992
2914
2917
2993
2915
2918
2994
2919
2995
2917
2920
2996
2918
2921
2997
2919
2922
2998
2923
2999
2921
2924
3000
2922
2925
3001
2923
2926
3002
2927
3003
2925
2928
3004
2926
2929
3005
2927
2930
3006
2931
3007
2929
2932
3008
2930
2933
3009
2931
2934
3010
2935
3011
2933
2936
3012
2934
2937
3013
2935
2938
3014
2939
3015
2937
2940
3016
2938
2941
3017
2939
2942
3018
2943
3019
2941
2944
3020
2942
2945
3021
2943
2946
3022
2947
3023
2945
2948
3024
2946
2949
3025
2947
2950
3026
2951
3027
2949
2952
3028
2950
2953
3029
2951
2954
3030
2955
3031
2953
2956
3032
2954
2957
3033
2955
2958
3034
2959
3035
2957
3036
2958
3037
2959
3038
3039
2961
2964
3040
2962
2965
3041
2963
2966
3042
2967
3043
2965
2968
3044
2966
2969
3045
2967
2970
3046
2971
3047
2969
2972
3048
2970
2973
3049
2971
2974
3050
2975
3051
2973
2976
3052
2974
2977
3053
2975
2978
3054
2979
3055
2977
2980
3056
2978
2981
3057
2979
2982
3058
2983
3059
2981
2984
3060
2982
2985
3061
2983
2986
3062
2987
3063
2985
2988
3064
2986
2989
3065
2987
2990
3066
2991
3067
2989
2992
3068
2990
2993
3069
2991
2994
3070
2995
3071
2993
2996
3072
2994
2997
3073
2995
2998
3074
2999
3075
2997
3000
3076
2998
3001
3077
2999
3002
3078
3003
3079
3001
3004
3080
3002
3005
3081
3003
3006
3082
3007
3083
3005
3008
3084
3006
3009
3085
3007
3010
3086
3011
3087
3009
3012
3088
3010
3013
3089
3011
3014
3090
3015
3091
3013
3016
3092
3014
3017
3093
3015
3018
3094
3019
3095
3017
3020
3096
3018
3021
3097
3019
3022
3098
3023
3099
3021
3024
3100
3022
3025
3101
3023
3026
3102
3027
3103
3025
3028
3104
3026
3029
3105
3027
3030
3106
3031
3107
3029
3032
3108
3030
3033
3109
3031
3034
3110
3035
3111
3033
3036
3112
3034
3037
3113
3035
3038
3114
3039
3115
3037
3116
3038
3117
3039
3118
3119
3041
3044
3120
3042
3045
3121
3043
3046
3122
3047
3123
3045
3048
3124
3046
3049
3125
3047
3050
3126
3051
3127
3049
3052
3128
3050
3053
3129
3051
3054
3130
3055
3131
3053
3056
3132
3054
3057
3133
3055
3058
3134
3059
3135
3057
3060
3136
3058
3061
3137
3059
3062
3138
3063
3139
3061
3064
3140
3062
3065
3141
3063
3066
3142
3067
3143
3065
3068
3144
3066
3069
3145
3067
3070
3146
3071
3147
3069
3072
3148
3070
3073
3149
3071
3074
3150
3075
3151
3073
3076
3152
3074
3077
3153
3075
3078
3154
3079
3155
3077
3080
3156
3078
3081
3157
3079
3082
3158
3083
3159
3081
3084
3160
3082
3085
3161
3083
3086
3162
3087
3163
3085
3088
3164
3086
3089
3165
3087
3090
3166
3091
3167
3089
3092
3168
3090
3093
3169
3091
3094
3170
3095
3171
3093
3096
3172
3094
3097
3173
3095
3098
3174
3099
3175
3097
3100
3176
3098
3101
3177
3099
3102
3178
3103
3179
3101
3104
3180
3102
3105
3181
3103
3106
3182
3107
3183
3105
3108
3184
3106
3109
3185
3107
3110
3186
3111
3187
3109
3112
3188
3110
3113
3189
3111
3114
3190
3115
3191
3113
3116
3192
3114
3117
3193
3115
3118
3194
3119
3195
3117
3196
3118
3197
3119
3198
3199
3121
3124
3200
3122
3125
3201
3123
3126
3202
3127
3203
3125
3128
3204
3126
3129
3205
3127
3130
3206
3131
3207
3129
3132
3208
3130
3133
3209
3131
3134
3210
3135
3211
3133
3136
3212
3134
3137
3213
3135
3138
3214
3139
3215
3137
3140
3216
3138
3141
3217
3139
3142
3218
3143
3219
3141
3144
3220
3142
3145
3221
3143
3146
3222
3147
3223
3145
3148
3224
3146
3149
3225
3147
3150
3226
3151
3227
3149
3152
3228
3150
3153
3229
3151
3154
3230
3155
3231
3153
3156
3232
3154
3157
3233
3155
3158
3234
3159
3235
3157
3160
3236
3158
3161
3237
3159
3162
3238
3163
3239
3161
3164
3240
3162
3165
3241
3163
3166
3242
3167
3243
3165
3168
3244
3166
3169
3245
3167
3170
3246
3171
3247
3169
3172
3248
3170
3173
3249
3171
3174
3250
3175
3251
3173
3176
3252
3174
3177
3253
3175
3178
3254
3179
3255
3177
3180
3256
3178
3181
3257
3179
3182
3258
3183
3259
3181
3184
3260
3182
3185
3261
3183
3186
3262
3187
3263
3185
3188
3264
3186
3189
3265
3187
3190
3266
3191
3267
3189
3192
3268
3190
3193
3269
3191
3194
3270
3195
3271
3193
3196
3272
3194
3197
3273
3195
3198
3274
3199
3275
3197
3276
3198
3277
3199
3278
3279
3201
3204
3280
3202
3205
3281
3203
3206
3282
3207
3283
3205
3208
3284
3206
3209
3285
3207
3210
3286
3211
3287
3209
3212
3288
3210
3213
3289
3211
3214
3290
3215
3291
3213
3216
3292
3214
3217
3293
3215
3218
3294
3219
3295
3217
3220
3296
3218
3221
3297
3219
3222
3298
3223
3299
3221
3224
3300
3222
3225
3301
3223
3226
3302
3227
3303
3225
3228
3304
3226
3229
3305
3227
3230
3306
3231
3307
3229
3232
3308
3230
3233
3309
3231
3234
3310
3235
3311
3233
3236
3312
3234
3237
3313
3235
3238
3314
3239
3315
3237
3240
3316
3238
3241
3317
3239
3242
3318
3243
3319
3241
3244
3320
3242
3245
3321
3243
3246
3322
3247
3323
3245
3248
3324
3246
3249
3325
3247
3250
3326
3251
3327
3249
3252
3328
3250
3253
3329
3251
3254
3330
3255
3331
3253
3256
3332
3254
3257
3333
3255
3258
3334
3259
3335
3257
3260
3336
3258
3261
3337
3259
3262
3338
3263
3339
3261
3264
3340
3262
3265
3341
3263
3266
3342
3267
3343
3265
3268
3344
3266
3269
3345
3267
3270
3346
3271
3347
3269
3272
3348
3270
3273
3349
3271
3274
3350
3275
3351
3273
3276
3352
3274
3277
3353
3275
3278
3354
3279
3355
3277
3356
3278
3357
3279
3358
3359
3281
3284
3360
3282
3285
3361
3283
3286
3362
3287
3363
3285
3288
3364
3286
3289
3365
3287
3290
3366
3291
3367
3289
3292
3368
3290
3293
3369
3291
3294
3370
3295
3371
3293
3296
3372
3294
3297
3373
3295
3298
3374
3299
3375
3297
3300
3376
3298
3301
3377
3299
3302
3378
3303
3379
3301
3304
3380
3302
3305
3381
3303
3306
3382
3307
3383
3305
3308
3384
3306
3309
3385
3307
3310
3386
3311
3387
3309
3312
3388
3310
3313
3389
3311
3314
3390
3315
3391
3313
3316
3392
3314
3317
3393
3315
3318
3394
3319
3395
3317
3320
3396
3318
3321
3397
3319
3322
3398
3323
3399
3321
3324
3400
3322
3325
3401
3323
3326
3402
3327
3403
3325
3328
3404
3326
3329
3405
3327
3330
3406
3331
3407
3329
3332
3408
3330
3333
3409
3331
3334
3410
3335
3411
3333
3336
3412
3334
3337
3413
3335
3338
3414
3339
3415
3337
3340
3416
3338
3341
3417
3339
3342
3418
3343
3419
3341
3344
3420
3342
3345
3421
3343
3346
3422
3347
3423
3345
3348
3424
3346
3349
3425
3347
3350
3426
3351
3427
3349
3352
3428
3350
3353
3429
3351
3354
3430
3355
3431
3353
3356
3432
3354
3357
3433
3355
3358
3434
3359
3435
3357
3436
3358
3437
3359
3438
3439
3361
3364
3440
3362
3365
3441
3363
3366
3442
3367
3443
3365
3368
3444
3366
3369
3445
3367
3370
3446
3371
3447
3369
3372
3448
3370
3373
3449
3371
3374
3450
3375
3451
3373
3376
3452
3374
3377
3453
3375
3378
3454
3379
3455
3377
3380
3456
3378
3381
3457
3379
3382
3458
3383
3459
3381
3384
3460
3382
3385
3461
3383
3386
3462
3387
3463
3385
3388
3464
3386
3389
3465
3387
3390
3466
3391
3467
3389
3392
3468
3390
3393
3469
3391
3394
3470
3395
3471
3393
3396
3472
3394
3397
3473
3395
3398
3474
3399
3475
3397
3400
3476
3398
3401
3477
3399
3402
3478
3403
3479
3401
3404
3480
3402
3405
3481
3403
3406
3482
3407
3483
3405
3408
3484
3406
3409
3485
3407
3410
3486
3411
3487
3409
3412
3488
3410
3413
3489
3411
3414
3490
3415
3491
3413
3416
3492
3414
3417
3493
3415
3418
3494
3419
3495
3417
3420
3496
3418
3421
3497
3419
3422
3498
3423
3499
3421
3424
3500
3422
3425
3501
3423
3426
3502
3427
3503
3425
3428
3504
3426
3429
3505
3427
3430
3506
3431
3507
3429
3432
3508
3430
3433
3509
3431
3434
3510
3435
3511
3433
3436
3512
3434
3437
3513
3435
3438
3514
3439
3515
3437
3516
3438
3517
3439
3518
3519
3441
3444
3520
3442
3445
3521
3443
3446
3522
3447
3523
3445
3448
3524
3446
3449
3525
3447
3450
3526
3451
3527
3449
3452
3528
3450
3453
3529
3451
3454
3530
3455
3531
3453
3456
3532
3454
3457
3533
3455
3458
3534
3459
3535
3457
3460
3536
3458
3461
3537
3459
3462
3538
3463
3539
3461
3464
3540
3462
3465
3541
3463
3466
3542
3467
3543
3465
3468
3544
3466
3469
3545
3467
3470
3546
3471
3547
3469
3472
3548
3470
3473
3549
3471
3474
3550
3475
3551
3473
3476
3552
3474
3477
3553
3475
3478
3554
3479
3555
3477
3480
3556
3478
3481
3557
3479
3482
3558
3483
3559
3481
3484
3560
3482
3485
3561
3483
3486
3562
3487
3563
3485
3488
3564
3486
3489
3565
3487
3490
3566
3491
3567
3489
3492
3568
3490
3493
3569
3491
3494
3570
3495
3571
3493
3496
3572
3494
3497
3573
3495
3498
3574
3499
3575
3497
3500
3576
3498
3501
3577
3499
3502
3578
3503
3579
3501
3504
3580
3502
3505
3581
3503
3506
3582
3507
3583
3505
3508
3584
3506
3509
3585
3507
3510
3586
3511
3587
3509
3512
3588
3510
3513
3589
3511
3514
3590
3515
3591
3513
3516
3592
3514
3517
3593
3515
3518
3594
3519
3595
3517
3596
3518
3597
3519
3598
3599
3521
3524
3600
3522
3525
3601
3523
3526
3602
3527
3603
3525
3528
3604
3526
3529
3605
3527
3530
3606
3531
3607
3529
3532
3608
3530
3533
3609
3531
3534
3610
3535
3611
3533
3536
3612
3534
3537
3613
3535
3538
3614
3539
3615
3537
3540
3616
3538
3541
3617
3539
3542
3618
3543
3619
3541
3544
3620
3542
3545
3621
3543
3546
3622
3547
3623
3545
3548
3624
3546
3549
3625
3547
3550
3626
3551
3627
3549
3552
3628
3550
3553
3629
3551
3554
3630
3555
3631
3553
3556
3632
3554
3557
3633
3555
3558
3634
3559
3635
3557
3560
3636
3558
3561
3637
3559
3562
3638
3563
3639
3561
3564
3640
3562
3565
3641
3563
3566
3642
3567
3643
3565
3568
3644
3566
3569
3645
3567
3570
3646
3571
3647
3569
3572
3648
3570
3573
3649
3571
3574
3650
3575
3651
3573
3576
3652
3574
3577
3653
3575
3578
3654
3579
3655
3577
3580
3656
3578
3581
3657
3579
3582
3658
3583
3659
3581
3584
3660
3582
3585
3661
3583
3586
3662
3587
3663
3585
3588
3664
3586
3589
3665
3587
3590
3666
3591
3667
3589
3592
3668
3590
3593
3669
3591
3594
3670
3595
3671
3593
3596
3672
3594
3597
3673
3595
3598
3674
3599
3675
3597
3676
3598
3677
3599
3678
3679
3601
3604
3680
3602
3605
3681
3603
3606
3682
3607
3683
3605
3608
3684
3606
3609
3685
3607
3610
3686
3611
3687
3609
3612
3688
3610
3613
3689
3611
3614
3690
3615
3691
3613
3616
3692
3614
3617
3693
3615
3618
3694
3619
3695
3617
3620
3696
3618
3621
3697
3619
3622
3698
3623
3699
3621
3624
3700
3622
3625
3701
3623
3626
3702
3627
3703
3625
3628
3704
3626
3629
3705
3627
3630
3706
3631
3707
3629
3632
3708
3630
3633
3709
3631
3634
3710
3635
3711
3633
3636
3712
3634
3637
3713
3635
3638
3714
3639
3715
3637
3640
3716
3638
3641
3717
3639
3642
3718
3643
3719
3641
3644
3720
3642
3645
3721
3643
3646
3722
3647
3723
3645
3648
3724
3646
3649
3725
3647
3650
3726
3651
3727
3649
3652
3728
3650
3653
3729
3651
3654
3730
3655
3731
3653
3656
3732
3654
3657
3733
3655
3658
3734
3659
3735
3657
3660
3736
3658
3661
3737
3659
3662
3738
3663
3739
3661
3664
3740
3662
3665
3741
3663
3666
3742
3667
3743
3665
3668
3744
3666
3669
3745
3667
3670
3746
3671
3747
3669
3672
3748
3670
3673
3749
3671
3674
3750
3675
3751
3673
3676
3752
3674
3677
3753
3675
3678
3754
3679
3755
3677
3756
3678
3757
3679
3758
3759
3681
3684
3760
3682
3685
3761
3683
3686
3762
3687
3763
3685
3688
3764
3686
3689
3765
3687
3690
3766
3691
3767
3689
3692
3768
3690
3693
3769
3691
3694
3770
3695
3771
3693
3696
3772
3694
3697
3773
3695
3698
3774
3699
3775
3697
3700
3776
3698
3701
3777
3699
3702
3778
3703
3779
3701
3704
3780
3702
3705
3781
3703
3706
3782
3707
3783
3705
3708
3784
3706
3709
3785
3707
3710
3786
3711
3787
3709
3712
3788
3710
3713
3789
3711
3714
3790
3715
3791
3713
3716
3792
3714
3717
3793
3715
3718
3794
3719
3795
3717
3720
3796
3718
3721
3797
3719
3722
3798
3723
3799
3721
3724
3800
3722
3725
3801
3723
3726
3802
3727
3803
3725
3728
3804
3726
3729
3805
3727
3730
3806
3731
3807
3729
3732
3808
3730
3733
3809
3731
3734
3810
3735
3811
3733
3736
3812
3734
3737
3813
3735
3738
3814
3739
3815
3737
3740
3816
3738
3741
3817
3739
3742
3818
3743
3819
3741
3744
3820
3742
3745
3821
3743
3746
3822
3747
3823
3745
3748
3824
3746
3749
3825
3747
3750
3826
3751
3827
3749
3752
3828
3750
3753
3829
3751
3754
3830
3755
3831
3753
3756
3832
3754
3757
3833
3755
3758
3834
3759
3835
3757
3836
3758
3837
3759
3838
3839
3761
3764
3840
3762
3765
3841
3763
3766
3842
3767
3843
3765
3768
3844
3766
3769
3845
3767
3770
3846
3771
3847
3769
3772
3848
3770
3773
3849
3771
3774
3850
3775
3851
3773
3776
3852
3774
3777
3853
3775
3778
3854
3779
3855
3777
3780
3856
3778
3781
3857
3779
3782
3858
3783
3859
3781
3784
3860
3782
3785
3861
3783
3786
3862
3787
3863
3785
3788
3864
3786
3789
3865
3787
3790
3866
3791
3867
3789
3792
3868
3790
3793
3869
3791
3794
3870
3795
3871
3793
3796
3872
3794
3797
3873
3795
3798
3874
3799
3875
3797
3800
3876
3798
3801
3877
3799
3802
3878
3803
3879
3801
3804
3880
3802
3805
3881
3803
3806
3882
3807
3883
3805
3808
3884
3806
3809
3885
3807
3810
3886
3811
3887
3809
3812
3888
3810
3813
3889
3811
3814
3890
3815
3891
3813
3816
3892
3814
3817
3893
3815
3818
3894
3819
3895
3817
3820
3896
3818
3821
3897
3819
3822
3898
3823
3899
3821
3824
3900
3822
3825
3901
3823
3826
3902
3827
3903
3825
3828
3904
3826
3829
3905
3827
3830
3906
3831
3907
3829
3832
3908
3830
3833
3909
3831
3834
3910
3835
3911
3833
3836
3912
3834
3837
3913
3835
3838
3914
3839
3915
3837
3916
3838
3917
3839
3918
3919
3841
3844
3920
3842
3845
3921
3843
3846
3922
3847
3923
3845
3848
3924
3846
3849
3925
3847
3850
3926
3851
3927
3849
3852
3928
3850
3853
3929
3851
3854
3930
3855
3931
3853
3856
3932
3854
3857
3933
3855
3858
3934
3859
3935
3857
3860
3936
3858
3861
3937
3859
3862
3938
3863
3939
3861
3864
3940
3862
3865
3941
3863
3866
3942
3867
3943
3865
3868
3944
3866
3869
3945
3867
3870
3946
3871
3947
3869
3872
3948
3870
3873
3949
3871
3874
3950
3875
3951
3873
3876
3952
3874
3877
3953
3875
3878
3954
3879
3955
3877
3880
3956
3878
3881
3957
3879
3882
3958
3883
3959
3881
3884
3960
3882
3885
3961
3883
3886
3962
3887
3963
3885
3888
3964
3886
3889
3965
3887
3890
3966
3891
3967
3889
3892
3968
3890
3893
3969
3891
3894
3970
3895
3971
3893
3896
3972
3894
3897
3973
3895
3898
3974
3899
3975
3897
3900
3976
3898
3901
3977
3899
3902
3978
3903
3979
3901
3904
3980
3902
3905
3981
3903
3906
3982
3907
3983
3905
3908
3984
3906
3909
3985
3907
3910
3986
3911
3987
3909
3912
3988
3910
3913
3989
3911
3914
3990
3915
3991
3913
3916
3992
3914
3917
3993
3915
3918
3994
3919
3995
3917
3996
3918
3997
3919
3998
3999
3921
3924
4000
3922
3925
4001
3923
3926
4002
3927
4003
3925
3928
4004
3926
3929
4005
3927
3930
4006
3931
4007
3929
3932
4008
3930
3933
4009
3931
3934
4010
3935
4011
3933
3936
4012
3934
3937
4013
3935
3938
4014
3939
4015
3937
3940
4016
3938
3941
4017
3939
3942
4018
3943
4019
3941
3944
4020
3942
3945
4021
3943
3946
4022
3947
4023
3945
3948
4024
3946
3949
4025
3947
3950
4026
3951
4027
3949
3952
4028
3950
3953
4029
3951
3954
4030
3955
4031
3953
3956
4032
3954
3957
4033
3955
3958
4034
3959
4035
3957
3960
4036
3958
3961
4037
3959
3962
4038
3963
4039
3961
3964
4040
3962
3965
4041
3963
3966
4042
3967
4043
3965
3968
4044
3966
3969
4045
3967
3970
4046
3971
4047
3969
3972
4048
3970
3973
4049
3971
3974
4050
3975
4051
3973
3976
4052
3974
3977
4053
3975
3978
4054
3979
4055
3977
3980
4056
3978
3981
4057
3979
3982
4058
3983
4059
3981
3984
4060
3982
3985
4061
3983
3986
4062
3987
4063
3985
3988
4064
3986
3989
4065
3987
3990
4066
3991
4067
3989
3992
4068
3990
3993
4069
3991
3994
4070
3995
4071
3993
3996
4072
3994
3997
4073
3995
3998
4074
3999
4075
3997
4076
3998
4077
3999
4078
4079
4001
4004
4080
4002
4005
4081
4003
4006
4082
4007
4083
4005
4008
4084
4006
4009
4085
4007
4010
4086
4011
4087
4009
4012
4088
4010
4013
4089
4011
4014
4090
4015
4091
4013
4016
4092
4014
4017
4093
4015
4018
4094
4019
4095
4017
4020
4096
4018
4021
4097
4019
4022
4098
4023
4099
4021
4024
4100
4022
4025
4101
4023
4026
4102
4027
4103
4025
4028
4104
4026
4029
4105
4027
4030
4106
4031
4107
4029
4032
4108
4030
4033
4109
4031
4034
4110
4035
4111
4033
4036
4112
4034
4037
4113
4035
4038
4114
4039
4115
4037
4040
4116
4038
4041
4117
4039
4042
4118
4043
4119
4041
4044
4120
4042
4045
4121
4043
4046
4122
4047
4123
4045
4048
4124
4046
4049
4125
4047
4050
4126
4051
4127
4049
4052
4128
4050
4053
4129
4051
4054
4130
4055
4131
4053
4056
4132
4054
4057
4133
4055
4058
4134
4059
4135
4057
4060
4136
4058
4061
4137
4059
4062
4138
4063
4139
4061
4064
4140
4062
4065
4141
4063
4066
4142
4067
4143
4065
4068
4144
4066
4069
4145
4067
4070
4146
4071
4147
4069
4072
4148
4070
4073
4149
4071
4074
4150
4075
4151
4073
4076
4152
4074
4077
4153
4075
4078
4154
4079
4155
4077
4156
4078
4157
4079
4158
4159
4081
4084
4160
4082
4085
4161
4083
4086
4162
4087
4163
4085
4088
4164
4086
4089
4165
4087
4090
4166
4091
4167
4089
4092
4168
4090
4093
4169
4091
4094
4170
4095
4171
4093
4096
4172
4094
4097
4173
4095
4098
4174
4099
4175
4097
4100
4176
4098
4101
4177
4099
4102
4178
4103
4179
4101
4104
4180
4102
4105
4181
4103
4106
4182
4107
4183
4105
4108
4184
4106
4109
4185
4107
4110
4186
4111
4187
4109
4112
4188
4110
4113
4189
4111
4114
4190
4115
4191
4113
4116
4192
4114
4117
4193
4115
4118
4194
4119
4195
4117
4120
4196
4118
4121
4197
4119
4122
4198
4123
4199
4121
4124
4200
4122
4125
4201
4123
4126
4202
4127
4203
4125
4128
4204
4126
4129
4205
4127
4130
4206
4131
4207
4129
4132
4208
4130
4133
4209
4131
4134
4210
4135
4211
4133
4136
4212
4134
4137
4213
4135
4138
4214
4139
4215
4137
4140
4216
4138
4141
4217
4139
4142
4218
4143
4219
4141
4144
4220
4142
4145
4221
4143
4146
4222
4147
4223
4145
4148
4224
4146
4149
4225
4147
4150
4226
4151
4227
4149
4152
4228
4150
4153
4229
4151
4154
4230
4155
4231
4153
4156
4232
4154
4157
4233
4155
4158
4234
4159
4235
4157
4236
4158
4237
4159
4238
4239
4161
4164
4240
4162
4165
4241
4163
4166
4242
4167
4243
4165
4168
4244
4166
4169
4245
4167
4170
4246
4171
4247
4169
4172
4248
4170
4173
4249
4171
4174
4250
4175
4251
4173
4176
4252
4174
4177
4253
4175
4178
4254
4179
4255
4177
4180
4256
4178
4181
4257
4179
4182
4258
4183
4259
4181
4184
4260
4182
4185
4261
4183
4186
4262
4187
4263
4185
4188
4264
4186
4189
4265
4187
4190
4266
4191
4267
4189
4192
4268
4190
4193
4269
4191
4194
4270
4195
4271
4193
4196
4272
4194
4197
4273
4195
4198
4274
4199
4275
4197
4200
4276
4198
4201
4277
4199
4202
4278
4203
4279
4201
4204
4280
4202
4205
4281
4203
4206
4282
4207
4283
4205
4208
4284
4206
4209
4285
4207
4210
4286
4211
4287
4209
4212
4288
4210
4213
4289
4211
4214
4290
4215
4291
4213
4216
4292
4214
4217
4293
4215
4218
4294
4219
4295
4217
4220
4296
4218
4221
4297
4219
4222
4298
4223
4299
4221
4224
4300
4222
4225
4301
4223
4226
4302
4227
4303
4225
4228
4304
4226
4229
4305
4227
4230
4306
4231
4307
4229
4232
4308
4230
4233
4309
4231
4234
4310
4235
4311
4233
4236
4312
4234
4237
4313
4235
4238
4314
4239
4315
4237
4316
4238
4317
4239
4318
4319
4241
4244
4320
4242
4245
4321
4243
4246
4322
4247
4323
4245
4248
4324
4246
4249
4325
4247
4250
4326
4251
4327
4249
4252
4328
4250
4253
4329
4251
4254
4330
4255
4331
4253
4256
4332
4254
4257
4333
4255
4258
4334
4259
4335
4257
4260
4336
4258
4261
4337
4259
4262
4338
4263
4339
4261
4264
4340
4262
4265
4341
4263
4266
4342
4267
4343
4265
4268
4344
4266
4269
4345
4267
4270
4346
4271
4347
4269
4272
4348
4270
4273
4349
4271
4274
4350
4275
4351
4273
4276
4352
4274
4277
4353
4275
4278
4354
4279
4355
4277
4280
4356
4278
4281
4357
4279
4282
4358
4283
4359
4281
4284
4360
4282
4285
4361
4283
4286
4362
4287
4363
4285
4288
4364
4286
4289
4365
4287
4290
4366
4291
4367
4289
4292
4368
4290
4293
4369
4291
4294
4370
4295
4371
4293
4296
4372
4294
4297
4373
4295
4298
4374
4299
4375
4297
4300
4376
4298
4301
4377
4299
4302
4378
4303
4379
4301
4304
4380
4302
4305
4381
4303
4306
4382
4307
4383
4305
4308
4384
4306
4309
4385
4307
4310
4386
4311
4387
4309
4312
4388
4310
4313
4389
4311
4314
4390
4315
4391
4313
4316
4392
4314
4317
4393
4315
4318
4394
4319
4395
4317
4396
4318
4397
4319
4398
4399
4321
4324
4400
4322
4325
4401
4323
4326
4402
4327
4403
4325
4328
4404
4326
4329
4405
4327
4330
4406
4331
4407
4329
4332
4408
4330
4333
4409
4331
4334
4410
4335
4411
4333
4336
4412
4334
4337
4413
4335
4338
4414
4339
4415
4337
4340
4416
4338
4341
4417
4339
4342
4418
4343
4419
4341
4344
4420
4342
4345
4421
4343
4346
4422
4347
4423
4345
4348
4424
4346
4349
4425
4347
4350
4426
4351
4427
4349
4352
4428
4350
4353
4429
4351
4354
4430
4355
4431
4353
4356
4432
4354
4357
4433
4355
4358
4434
4359
4435
4357
4360
4436
4358
4361
4437
4359
4362
4438
4363
4439
4361
4364
4440
4362
4365
4441
4363
4366
4442
4367
4443
4365
4368
4444
4366
4369
4445
4367
4370
4446
4371
4447
4369
4372
4448
4370
4373
4449
4371
4374
4450
4375
4451
4373
4376
4452
4374
4377
4453
4375
4378
4454
4379
4455
4377
4380
4456
4378
4381
4457
4379
4382
4458
4383
4459
4381
4384
4460
4382
4385
4461
4383
4386
4462
4387
4463
4385
4388
4464
4386
4389
4465
4387
4390
4466
4391
4467
4389
4392
4468
4390
4393
4469
4391
4394
4470
4395
4471
4393
4396
4472
4394
4397
4473
4395
4398
4474
4399
4475
4397
4476
4398
4477
4399
4478
4479
4401
4404
4480
4402
4405
4481
4403
4406
4482
4407
4483
4405
4408
4484
4406
4409
4485
4407
4410
4486
4411
4487
4409
4412
4488
4410
4413
4489
4411
4414
4490
4415
4491
4413
4416
4492
4414
4417
4493
4415
4418
4494
4419
4495
4417
4420
4496
4418
4421
4497
4419
4422
4498
4423
4499
4421
4424
4500
4422
4425
4501
4423
4426
4502
4427
4503
4425
4428
4504
4426
4429
4505
4427
4430
4506
4431
4507
4429
4432
4508
4430
4433
4509
4431
4434
4510
4435
4511
4433
4436
4512
4434
4437
4513
4435
4438
4514
4439
4515
4437
4440
4516
4438
4441
4517
4439
4442
4518
4443
4519
4441
4444
4520
4442
4445
4521
4443
4446
4522
4447
4523
4445
4448
4524
4446
4449
4525
4447
4450
4526
4451
4527
4449
4452
4528
4450
4453
4529
4451
4454
4530
4455
4531
4453
4456
4532
4454
4457
4533
4455
4458
4534
4459
4535
4457
4460
4536
4458
4461
4537
4459
4462
4538
4463
4539
4461
4464
4540
4462
4465
4541
4463
4466
4542
4467
4543
4465
4468
4544
4466
4469
4545
4467
4470
4546
4471
4547
4469
4472
4548
4470
4473
4549
4471
4474
4550
4475
4551
4473
4476
4552
4474
4477
4553
4475
4478
4554
4479
4555
4477
4556
4478
4557
4479
4558
4559
4481
4484
4560
4482
4485
4561
4483
4486
4562
4487
4563
4485
4488
4564
4486
4489
4565
4487
4490
4566
4491
4567
4489
4492
4568
4490
4493
4569
4491
4494
4570
4495
4571
4493
4496
4572
4494
4497
4573
4495
4498
4574
4499
4575
4497
4500
4576
4498
4501
4577
4499
4502
4578
4503
4579
4501
4504
4580
4502
4505
4581
4503
4506
4582
4507
4583
4505
4508
4584
4506
4509
4585
4507
4510
4586
4511
4587
4509
4512
4588
4510
4513
4589
4511
4514
4590
4515
4591
4513
4516
4592
4514
4517
4593
4515
4518
4594
4519
4595
4517
4520
4596
4518
4521
4597
4519
4522
4598
4523
4599
4521
4524
4600
4522
4525
4601
4523
4526
4602
4527
4603
4525
4528
4604
4526
4529
4605
4527
4530
4606
4531
4607
4529
4532
4608
4530
4533
4609
4531
4534
4610
4535
4611
4533
4536
4612
4534
4537
4613
4535
4538
4614
4539
4615
4537
4540
4616
4538
4541
4617
4539
4542
4618
4543
4619
4541
4544
4620
4542
4545
4621
4543
4546
4622
4547
4623
4545
4548
4624
4546
4549
4625
4547
4550
4626
4551
4627
4549
4552
4628
4550
4553
4629
4551
4554
4630
4555
4631
4553
4556
4632
4554
4557
4633
4555
4558
4634
4559
4635
4557
4636
4558
4637
4559
4638
4639
4561
4564
4640
4562
4565
4641
4563
4566
4642
4567
4643
4565
4568
4644
4566
4569
4645
4567
4570
4646
4571
4647
4569
4572
4648
4570
4573
4649
4571
4574
4650
4575
4651
4573
4576
4652
4574
4577
4653
4575
4578
4654
4579
4655
4577
4580
4656
4578
4581
4657
4579
4582
4658
4583
4659
4581
4584
4660
4582
4585
4661
4583
4586
4662
4587
4663
4585
4588
4664
4586
4589
4665
4587
4590
4666
4591
4667
4589
4592
4668
4590
4593
4669
4591
4594
4670
4595
4671
4593
4596
4672
4594
4597
4673
4595
4598
4674
4599
4675
4597
4600
4676
4598
4601
4677
4599
4602
4678
4603
4679
4601
4604
4680
4602
4605
4681
4603
4606
4682
4607
4683
4605
4608
4684
4606
4609
4685
4607
4610
4686
4611
4687
4609
4612
4688
4610
4613
4689
4611
4614
4690
4615
4691
4613
4616
4692
4614
4617
4693
4615
4618
4694
4619
4695
4617
4620
4696
4618
4621
4697
4619
4622
4698
4623
4699
4621
4624
4700
4622
4625
4701
4623
4626
4702
4627
4703
4625
4628
4704
4626
4629
4705
4627
4630
4706
4631
4707
4629
4632
4708
4630
4633
4709
4631
4634
4710
4635
4711
4633
4636
4712
4634
4637
4713
4635
4638
4714
4639
4715
4637
4716
4638
4717
4639
4718
4719
4641
4644
4720
4642
4645
4721
4643
4646
4722
4647
4723
4645
4648
4724
4646
4649
4725
4647
4650
4726
4651
4727
4649
4652
4728
4650
4653
4729
4651
4654
4730
4655
4731
4653
4656
4732
4654
4657
4733
4655
4658
4734
4659
4735
4657
4660
4736
4658
4661
4737
4659
4662
4738
4663
4739
4661
4664
4740
4662
4665
4741
4663
4666
4742
4667
4743
4665
4668
4744
4666
4669
4745
4667
4670
4746
4671
4747
4669
4672
4748
4670
4673
4749
4671
4674
4750
4675
4751
4673
4676
4752
4674
4677
4753
4675
4678
4754
4679
4755
4677
4680
4756
4678
4681
4757
4679
4682
4758
4683
4759
4681
4684
4760
4682
4685
4761
4683
4686
4762
4687
4763
4685
4688
4764
4686
4689
4765
4687
4690
4766
4691
4767
4689
4692
4768
4690
4693
4769
4691
4694
4770
4695
4771
4693
4696
4772
4694
4697
4773
4695
4698
4774
4699
4775
4697
4700
4776
4698
4701
4777
4699
4702
4778
4703
4779
4701
4704
4780
4702
4705
4781
4703
4706
4782
4707
4783
4705
4708
4784
4706
4709
4785
4707
4710
4786
4711
4787
4709
4712
4788
4710
4713
4789
4711
4714
4790
4715
4791
4713
4716
4792
4714
4717
4793
4715
4718
4794
4719
4795
4717
4796
4718
4797
4719
4798
4799
4721
4724
4800
4722
4725
4801
4723
4726
4802
4727
4803
4725
4728
4804
4726
4729
4805
4727
4730
4806
4731
4807
4729
4732
4808
4730
4733
4809
4731
4734
4810
4735
4811
4733
4736
4812
4734
4737
4813
4735
4738
4814
4739
4815
4737
4740
4816
4738
4741
4817
4739
4742
4818
4743
4819
4741
4744
4820
4742
4745
4821
4743
4746
4822
4747
4823
4745
4748
4824
4746
4749
4825
4747
4750
4826
4751
4827
4749
4752
4828
4750
4753
4829
4751
4754
4830
4755
4831
4753
4756
4832
4754
4757
4833
4755
4758
4834
4759
4835
4757
4760
4836
4758
4761
4837
4759
4762
4838
4763
4839
4761
4764
4840
4762
4765
4841
4763
4766
4842
4767
4843
4765
4768
4844
4766
4769
4845
4767
4770
4846
4771
4847
4769
4772
4848
4770
4773
4849
4771
4774
4850
4775
4851
4773
4776
4852
4774
4777
4853
4775
4778
4854
4779
4855
4777
4780
4856
4778
4781
4857
4779
4782
4858
4783
4859
4781
4784
4860
4782
4785
4861
4783
4786
4862
4787
4863
4785
4788
4864
4786
4789
4865
4787
4790
4866
4791
4867
4789
4792
4868
4790
4793
4869
4791
4794
4870
4795
4871
4793
4796
4872
4794
4797
4873
4795
4798
4874
4799
4875
4797
4876
4798
4877
4799
4878
4879
4801
4804
4880
4802
4805
4881
4803
4806
4882
4807
4883
4805
4808
4884
4806
4809
4885
4807
4810
4886
4811
4887
4809
4812
4888
4810
4813
4889
4811
4814
4890
4815
4891
4813
4816
4892
4814
4817
4893
4815
4818
4894
4819
4895
4817
4820
4896
4818
4821
4897
4819
4822
4898
4823
4899
4821
4824
4900
4822
4825
4901
4823
4826
4902
4827
4903
4825
4828
4904
4826
4829
4905
4827
4830
4906
4831
4907
4829
4832
4908
4830
4833
4909
4831
4834
4910
4835
4911
4833
4836
4912
4834
4837
4913
4835
4838
4914
4839
4915
4837
4840
4916
4838
4841
4917
4839
4842
4918
4843
4919
4841
4844
4920
4842
4845
4921
4843
4846
4922
4847
4923
4845
4848
4924
4846
4849
4925
4847
4850
4926
4851
4927
4849
4852
4928
4850
4853
4929
4851
4854
4930
4855
4931
4853
4856
4932
4854
4857
4933
4855
4858
4934
4859
4935
4857
4860
4936
4858
4861
4937
4859
4862
4938
4863
4939
4861
4864
4940
4862
4865
4941
4863
4866
4942
4867
4943
4865
4868
4944
4866
4869
4945
4867
4870
4946
4871
4947
4869
4872
4948
4870
4873
4949
4871
4874
4950
4875
4951
4873
4876
4952
4874
4877
4953
4875
4878
4954
4879
4955
4877
4956
4878
4957
4879
4958
4959
4881
4884
4960
4882
4885
4961
4883
4886
4962
4887
4963
4885
4888
4964
4886
4889
4965
4887
4890
4966
4891
4967
4889
4892
4968
4890
4893
4969
4891
4894
4970
4895
4971
4893
4896
4972
4894
4897
4973
4895
4898
4974
4899
4975
4897
4900
4976
4898
4901
4977
4899
4902
4978
4903
4979
4901
4904
4980
4902
4905
4981
4903
4906
4982
4907
4983
4905
4908
4984
4906
4909
4985
4907
4910
4986
4911
4987
4909
4912
4988
4910
4913
4989
4911
4914
4990
4915
4991
4913
4916
4992
4914
4917
4993
4915
4918
4994
4919
4995
4917
4920
4996
4918
4921
4997
4919
4922
4998
4923
4999
4921
4924
5000
4922
4925
5001
4923
4926
5002
4927
5003
4925
4928
5004
4926
4929
5005
4927
4930
5006
4931
5007
4929
4932
5008
4930
4933
5009
4931
4934
5010
4935
5011
4933
4936
5012
4934
4937
5013
4935
4938
5014
4939
5015
4937
4940
5016
4938
4941
5017
4939
4942
5018
4943
5019
4941
4944
5020
4942
4945
5021
4943
4946
5022
4947
5023
4945
4948
5024
4946
4949
5025
4947
4950
5026
4951
5027
4949
4952
5028
4950
4953
5029
4951
4954
5030
4955
5031
4953
4956
5032
4954
4957
5033
4955
4958
5034
4959
5035
4957
5036
4958
5037
4959
5038
5039
4961
4964
5040
4962
4965
5041
4963
4966
5042
4967
5043
4965
4968
5044
4966
4969
5045
4967
4970
5046
4971
5047
4969
4972
5048
4970
4973
5049
4971
4974
5050
4975
5051
4973
4976
5052
4974
4977
5053
4975
4978
5054
4979
5055
4977
4980
5056
4978
4981
5057
4979
4982
5058
4983
5059
4981
4984
5060
4982
4985
5061
4983
4986
5062
4987
5063
4985
4988
5064
4986
4989
5065
4987
4990
5066
4991
5067
4989
4992
5068
4990
4993
5069
4991
4994
5070
4995
5071
4993
4996
5072
4994
4997
5073
4995
4998
5074
4999
5075
4997
5000
5076
4998
5001
5077
4999
5002
5078
5003
5079
5001
5004
5080
5002
5005
5081
5003
5006
5082
5007
5083
5005
5008
5084
5006
5009
5085
5007
5010
5086
5011
5087
5009
5012
5088
5010
5013
5089
5011
5014
5090
5015
5091
5013
5016
5092
5014
5017
5093
5015
5018
5094
5019
5095
5017
5020
5096
5018
5021
5097
5019
5022
5098
5023
5099
5021
5024
5100
5022
5025
5101
5023
5026
5102
5027
5103
5025
5028
5104
5026
5029
5105
5027
5030
5106
5031
5107
5029
5032
5108
5030
5033
5109
5031
5034
5110
5035
5111
5033
5036
5112
5034
5037
5113
5035
5038
5114
5039
5115
5037
5116
5038
5117
5039
5118
5119
5041
5044
5120
5042
5045
5121
5043
5046
5122
5047
5123
5045
5048
5124
5046
5049
5125
5047
5050
5126
5051
5127
5049
5052
5128
5050
5053
5129
5051
5054
5130
5055
5131
5053
5056
5132
5054
5057
5133
5055
5058
5134
5059
5135
5057
5060
5136
5058
5061
5137
5059
5062
5138
5063
5139
5061
5064
5140
5062
5065
5141
5063
5066
5142
5067
5143
5065
5068
5144
5066
5069
5145
5067
5070
5146
5071
5147
5069
5072
5148
5070
5073
5149
5071
5074
5150
5075
5151
5073
5076
5152
5074
5077
5153
5075
5078
5154
5079
5155
5077
5080
5156
5078
5081
5157
5079
5082
5158
5083
5159
5081
5084
5160
5082
5085
5161
5083
5086
5162
5087
5163
5085
5088
5164
5086
5089
5165
5087
5090
5166
5091
5167
5089
5092
5168
5090
5093
5169
5091
5094
5170
5095
5171
5093
5096
5172
5094
5097
5173
5095
5098
5174
5099
5175
5097
5100
5176
5098
5101
5177
5099
5102
5178
5103
5179
5101
5104
5180
5102
5105
5181
5103
5106
5182
5107
5183
5105
5108
5184
5106
5109
5185
5107
5110
5186
5111
5187
5109
5112
5188
5110
5113
5189
5111
5114
5190
5115
5191
5113
5116
5192
5114
5117
5193
5115
5118
5194
5119
5195
5117
5196
5118
5197
5119
5198
5199
5121
5124
5200
5122
5125
5201
5123
5126
5202
5127
5203
5125
5128
5204
5126
5129
5205
5127
5130
5206
5131
5207
5129
5132
5208
5130
5133
5209
5131
5134
5210
5135
5211
5133
5136
5212
5134
5137
5213
5135
5138
5214
5139
5215
5137
5140
5216
5138
5141
5217
5139
5142
5218
5143
5219
5141
5144
5220
5142
5145
5221
5143
5146
5222
5147
5223
5145
5148
5224
5146
5149
5225
5147
5150
5226
5151
5227
5149
5152
5228
5150
5153
5229
5151
5154
5230
5155
5231
5153
5156
5232
5154
5157
5233
5155
5158
5234
5159
5235
5157
5160
5236
5158
5161
5237
5159
5162
5238
5163
5239
5161
5164
5240
5162
5165
5241
5163
5166
5242
5167
5243
5165
5168
5244
5166
5169
5245
5167
5170
5246
5171
5247
5169
5172
5248
5170
5173
5249
5171
5174
5250
5175
5251
5173
5176
5252
5174
5177
5253
5175
5178
5254
5179
5255
5177
5180
5256
5178
5181
5257
5179
5182
5258
5183
5259
5181
5184
5260
5182
5185
5261
5183
5186
5262
5187
5263
5185
5188
5264
5186
5189
5265
5187
5190
5266
5191
5267
5189
5192
5268
5190
5193
5269
5191
5194
5270
5195
5271
5193
5196
5272
5194
5197
5273
5195
5198
5274
5199
5275
5197
5276
5198
5277
5199
5278
5279
5201
5204
5280
5202
5205
5281
5203
5206
5282
5207
5283
5205
5208
5284
5206
5209
5285
5207
5210
5286
5211
5287
5209
5212
5288
5210
5213
5289
5211
5214
5290
5215
5291
5213
5216
5292
5214
5217
5293
5215
5218
5294
5219
5295
5217
5220
5296
5218
5221
5297
5219
5222
5298
5223
5299
5221
5224
5300
5222
5225
5301
5223
5226
5302
5227
5303
5225
5228
5304
5226
5229
5305
5227
5230
5306
5231
5307
5229
5232
5308
5230
5233
5309
5231
5234
5310
5235
5311
5233
5236
5312
5234
5237
5313
5235
5238
5314
5239
5315
5237
5240
5316
5238
5241
5317
5239
5242
5318
5243
5319
5241
5244
5320
5242
5245
5321
5243
5246
5322
5247
5323
5245
5248
5324
5246
5249
5325
5247
5250
5326
5251
5327
5249
5252
5328
5250
5253
5329
5251
5254
5330
5255
5331
5253
5256
5332
5254
5257
5333
5255
5258
5334
5259
5335
5257
5260
5336
5258
5261
5337
5259
5262
5338
5263
5339
5261
5264
5340
5262
5265
5341
5263
5266
5342
5267
5343
5265
5268
5344
5266
5269
5345
5267
5270
5346
5271
5347
5269
5272
5348
5270
5273
5349
5271
5274
5350
5275
5351
5273
5276
5352
5274
5277
5353
5275
5278
5354
5279
5355
5277
5356
5278
5357
5279
5358
5359
5281
5284
5360
5282
5285
5361
5283
5286
5362
5287
5363
5285
5288
5364
5286
5289
5365
5287
5290
5366
5291
5367
5289
5292
5368
5290
5293
5369
5291
5294
5370
5295
5371
5293
5296
5372
5294
5297
5373
5295
5298
5374
5299
5375
5297
5300
5376
5298
5301
5377
5299
5302
5378
5303
5379
5301
5304
5380
5302
5305
5381
5303
5306
5382
5307
5383
5305
5308
5384
5306
5309
5385
5307
5310
5386
5311
5387
5309
5312
5388
5310
5313
5389
5311
5314
5390
5315
5391
5313
5316
5392
5314
5317
5393
5315
5318
5394
5319
5395
5317
5320
5396
5318
5321
5397
5319
5322
5398
5323
5399
5321
5324
5400
5322
5325
5401
5323
5326
5402
5327
5403
5325
5328
5404
5326
5329
5405
5327
5330
5406
5331
5407
5329
5332
5408
5330
5333
5409
5331
5334
5410
5335
5411
5333
5336
5412
5334
5337
5413
5335
5338
5414
5339
5415
5337
5340
5416
5338
5341
5417
5339
5342
5418
5343
5419
5341
5344
5420
5342
5345
5421
5343
5346
5422
5347
5423
5345
5348
5424
5346
5349
5425
5347
5350
5426
5351
5427
5349
5352
5428
5350
5353
5429
5351
5354
5430
5355
5431
5353
5356
5432
5354
5357
5433
5355
5358
5434
5359
5435
5357
5436
5358
5437
5359
5438
5439
5361
5364
5440
5362
5365
5441
5363
5366
5442
5367
5443
5365
5368
5444
5366
5369
5445
5367
5370
5446
5371
5447
5369
5372
5448
5370
5373
5449
5371
5374
5450
5375
5451
5373
5376
5452
5374
5377
5453
5375
5378
5454
5379
5455
5377
5380
5456
5378
5381
5457
5379
5382
5458
5383
5459
5381
5384
5460
5382
5385
5461
5383
5386
5462
5387
5463
5385
5388
5464
5386
5389
5465
5387
5390
5466
5391
5467
5389
5392
5468
5390
5393
5469
5391
5394
5470
5395
5471
5393
5396
5472
5394
5397
5473
5395
5398
5474
5399
5475
5397
5400
5476
5398
5401
5477
5399
5402
5478
5403
5479
5401
5404
5480
5402
5405
5481
5403
5406
5482
5407
5483
5405
5408
5484
5406
5409
5485
5407
5410
5486
5411
5487
5409
5412
5488
5410
5413
5489
5411
5414
5490
5415
5491
5413
5416
5492
5414
5417
5493
5415
5418
5494
5419
5495
5417
5420
5496
5418
5421
5497
5419
5422
5498
5423
5499
5421
5424
5500
5422
5425
5501
5423
5426
5502
5427
5503
5425
5428
5504
5426
5429
5505
5427
5430
5506
5431
5507
5429
5432
5508
5430
5433
5509
5431
5434
5510
5435
5511
5433
5436
5512
5434
5437
5513
5435
5438
5514
5439
5515
5437
5516
5438
5517
5439
5518
5519
5441
5444
5520
5442
5445
5521
5443
5446
5522
5447
5523
5445
5448
5524
5446
5449
5525
5447
5450
5526
5451
5527
5449
5452
5528
5450
5453
5529
5451
5454
5530
5455
5531
5453
5456
5532
5454
5457
5533
5455
5458
5534
5459
5535
5457
5460
5536
5458
5461
5537
5459
5462
5538
5463
5539
5461
5464
5540
5462
5465
5541
5463
5466
5542
5467
5543
5465
5468
5544
5466
5469
5545
5467
5470
5546
5471
5547
5469
5472
5548
5470
5473
5549
5471
5474
5550
5475
5551
5473
5476
5552
5474
5477
5553
5475
5478
5554
5479
5555
5477
5480
5556
5478
5481
5557
5479
5482
5558
5483
5559
5481
5484
5560
5482
5485
5561
5483
5486
5562
5487
5563
5485
5488
5564
5486
5489
5565
5487
5490
5566
5491
5567
5489
5492
5568
5490
5493
5569
5491
5494
5570
5495
5571
5493
5496
5572
5494
5497
5573
5495
5498
5574
5499
5575
5497
5500
5576
5498
5501
5577
5499
5502
5578
5503
5579
5501
5504
5580
5502
5505
5581
5503
5506
5582
5507
5583
5505
5508
5584
5506
5509
5585
5507
5510
5586
5511
5587
5509
5512
5588
5510
5513
5589
5511
5514
5590
5515
5591
5513
5516
5592
5514
5517
5593
5515
5518
5594
5519
5595
5517
5596
5518
5597
5519
5598
5599
5521
5524
5600
5522
5525
5601
5523
5526
5602
5527
5603
5525
5528
5604
5526
5529
5605
5527
5530
5606
5531
5607
5529
5532
5608
5530
5533
5609
5531
5534
5610
5535
5611
5533
5536
5612
5534
5537
5613
5535
5538
5614
5539
5615
5537
5540
5616
5538
5541
5617
5539
5542
5618
5543
5619
5541
5544
5620
5542
5545
5621
5543
5546
5622
5547
5623
5545
5548
5624
5546
5549
5625
5547
5550
5626
5551
5627
5549
5552
5628
5550
5553
5629
5551
5554
5630
5555
5631
5553
5556
5632
5554
5557
5633
5555
5558
5634
5559
5635
5557
5560
5636
5558
5561
5637
5559
5562
5638
5563
5639
5561
5564
5640
5562
5565
5641
5563
5566
5642
5567
5643
5565
5568
5644
5566
5569
5645
5567
5570
5646
5571
5647
5569
5572
5648
5570
5573
5649
5571
5574
5650
5575
5651
5573
5576
5652
5574
5577
5653
5575
5578
5654
5579
5655
5577
5580
5656
5578
5581
5657
5579
5582
5658
5583
5659
5581
5584
5660
5582
5585
5661
5583
5586
5662
5587
5663
5585
5588
5664
5586
5589
5665
5587
5590
5666
5591
5667
5589
5592
5668
5590
5593
5669
5591
5594
5670
5595
5671
5593
5596
5672
5594
5597
5673
5595
5598
5674
5599
5675
5597
5676
5598
5677
5599
5678
5679
5601
5604
5680
5602
5605
5681
5603
5606
5682
5607
5683
5605
5608
5684
5606
5609
5685
5607
5610
5686
5611
5687
5609
5612
5688
5610
5613
5689
5611
5614
5690
5615
5691
5613
5616
5692
5614
5617
5693
5615
5618
5694
5619
5695
5617
5620
5696
5618
5621
5697
5619
5622
5698
5623
5699
5621
5624
5700
5622
5625
5701
5623
5626
5702
5627
5703
5625
5628
5704
5626
5629
5705
5627
5630
5706
5631
5707
5629
5632
5708
5630
5633
5709
5631
5634
5710
5635
5711
5633
5636
5712
5634
5637
5713
5635
5638
5714
5639
5715
5637
5640
5716
5638
5641
5717
5639
5642
5718
5643
5719
5641
5644
5720
5642
5645
5721
5643
5646
5722
5647
5723
5645
5648
5724
5646
5649
5725
5647
5650
5726
5651
5727
5649
5652
5728
5650
5653
5729
5651
5654
5730
5655
5731
5653
5656
5732
5654
5657
5733
5655
5658
5734
5659
5735
5657
5660
5736
5658
5661
5737
5659
5662
5738
5663
5739
5661
5664
5740
5662
5665
5741
5663
5666
5742
5667
5743
5665
5668
5744
5666
5669
5745
5667
5670
5746
5671
5747
5669
5672
5748
5670
5673
5749
5671
5674
5750
5675
5751
5673
5676
5752
5674
5677
5753
5675
5678
5754
5679
5755
5677
5756
5678
5757
5679
5758
5759
5681
5684
5760
5682
5685
5761
5683
5686
5762
5687
5763
5685
5688
5764
5686
5689
5765
5687
5690
5766
5691
5767
5689
5692
5768
5690
5693
5769
5691
5694
5770
5695
5771
5693
5696
5772
5694
5697
5773
5695
5698
5774
5699
5775
5697
5700
5776
5698
5701
5777
5699
5702
5778
5703
5779
5701
5704
5780
5702
5705
5781
5703
5706
5782
5707
5783
5705
5708
5784
5706
5709
5785
5707
5710
5786
5711
5787
5709
5712
5788
5710
5713
5789
5711
5714
5790
5715
5791
5713
5716
5792
5714
5717
5793
5715
5718
5794
5719
5795
5717
5720
5796
5718
5721
5797
5719
5722
5798
5723
5799
5721
5724
5800
5722
5725
5801
5723
5726
5802
5727
5803
5725
5728
5804
5726
5729
5805
5727
5730
5806
5731
5807
5729
5732
5808
5730
5733
5809
5731
5734
5810
5735
5811
5733
5736
5812
5734
5737
5813
5735
5738
5814
5739
5815
5737
5740
5816
5738
5741
5817
5739
5742
5818
5743
5819
5741
5744
5820
5742
5745
5821
5743
5746
5822
5747
5823
5745
5748
5824
5746
5749
5825
5747
5750
5826
5751
5827
5749
5752
5828
5750
5753
5829
5751
5754
5830
5755
5831
5753
5756
5832
5754
5757
5833
5755
5758
5834
5759
5835
5757
5836
5758
5837
5759
5838
5839
5761
5764
5840
5762
5765
5841
5763
5766
5842
5767
5843
5765
5768
5844
5766
5769
5845
5767
5770
5846
5771
5847
5769
5772
5848
5770
5773
5849
5771
5774
5850
5775
5851
5773
5776
5852
5774
5777
5853
5775
5778
5854
5779
5855
5777
5780
5856
5778
5781
5857
5779
5782
5858
5783
5859
5781
5784
5860
5782
5785
5861
5783
5786
5862
5787
5863
5785
5788
5864
5786
5789
5865
5787
5790
5866
5791
5867
5789
5792
5868
5790
5793
5869
5791
5794
5870
5795
5871
5793
5796
5872
5794
5797
5873
5795
5798
5874
5799
5875
5797
5800
5876
5798
5801
5877
5799
5802
5878
5803
5879
5801
5804
5880
5802
5805
5881
5803
5806
5882
5807
5883
5805
5808
5884
5806
5809
5885
5807
5810
5886
5811
5887
5809
5812
5888
5810
5813
5889
5811
5814
5890
5815
5891
5813
5816
5892
5814
5817
5893
5815
5818
5894
5819
5895
5817
5820
5896
5818
5821
5897
5819
5822
5898
5823
5899
5821
5824
5900
5822
5825
5901
5823
5826
5902
5827
5903
5825
5828
5904
5826
5829
5905
5827
5830
5906
5831
5907
5829
5832
5908
5830
5833
5909
5831
5834
5910
5835
5911
5833
5836
5912
5834
5837
5913
5835
5838
5914
5839
5915
5837
5916
5838
5917
5839
5918
5919
5841
5844
5920
5842
5845
5921
5843
5846
5922
5847
5923
5845
5848
5924
5846
5849
5925
5847
5850
5926
5851
5927
5849
5852
5928
5850
5853
5929
5851
5854
5930
5855
5931
5853
5856
5932
5854
5857
5933
5855
5858
5934
5859
5935
5857
5860
5936
5858
5861
5937
5859
5862
5938
5863
5939
5861
5864
5940
5862
5865
5941
5863
5866
5942
5867
5943
5865
5868
5944
5866
5869
5945
5867
5870
5946
5871
5947
5869
5872
5948
5870
5873
5949
5871
5874
5950
5875
5951
5873
5876
5952
5874
5877
5953
5875
5878
5954
5879
5955
5877
5880
5956
5878
5881
5957
5879
5882
5958
5883
5959
5881
5884
5960
5882
5885
5961
5883
5886
5962
5887
5963
5885
5888
5964
5886
5889
5965
5887
5890
5966
5891
5967
5889
5892
5968
5890
5893
5969
5891
5894
5970
5895
5971
5893
5896
5972
5894
5897
5973
5895
5898
5974
5899
5975
5897
5900
5976
5898
5901
5977
5899
5902
5978
5903
5979
5901
5904
5980
5902
5905
5981
5903
5906
5982
5907
5983
5905
5908
5984
5906
5909
5985
5907
5910
5986
5911
5987
5909
5912
5988
5910
5913
5989
5911
5914
5990
5915
5991
5913
5916
5992
5914
5917
5993
5915
5918
5994
5919
5995
5917
5996
5918
5997
5919
5998
5999
5921
5924
6000
5922
5925
6001
5923
5926
6002
5927
6003
5925
5928
6004
5926
5929
6005
5927
5930
6006
5931
6007
5929
5932
6008
5930
5933
6009
5931
5934
6010
5935
6011
5933
5936
6012
5934
5937
6013
5935
5938
6014
5939
6015
5937
5940
6016
5938
5941
6017
5939
5942
6018
5943
6019
5941
5944
6020
5942
5945
6021
5943
5946
6022
5947
6023
5945
5948
6024
5946
5949
6025
5947
5950
6026
5951
6027
5949
5952
6028
5950
5953
6029
5951
5954
6030
5955
6031
5953
5956
6032
5954
5957
6033
5955
5958
6034
5959
6035
5957
5960
6036
5958
5961
6037
5959
5962
6038
5963
6039
5961
5964
6040
5962
5965
6041
5963
5966
6042
5967
6043
5965
5968
6044
5966
5969
6045
5967
5970
6046
5971
6047
5969
5972
6048
5970
5973
6049
5971
5974
6050
5975
6051
5973
5976
6052
5974
5977
6053
5975
5978
6054
5979
6055
5977
5980
6056
5978
5981
6057
5979
5982
6058
5983
6059
5981
5984
6060
5982
5985
6061
5983
5986
6062
5987
6063
5985
5988
6064
5986
5989
6065
5987
5990
6066
5991
6067
5989
5992
6068
5990
5993
6069
5991
5994
6070
5995
6071
5993
5996
6072
5994
5997
6073
5995
5998
6074
5999
6075
5997
6076
5998
6077
5999
6078
6079
6001
6004
6080
6002
6005
6081
6003
6006
6082
6007
6083
6005
6008
6084
6006
6009
6085
6007
6010
6086
6011
6087
6009
6012
6088
6010
6013
6089
6011
6014
6090
6015
6091
6013
6016
6092
6014
6017
6093
6015
6018
6094
6019
6095
6017
6020
6096
6018
6021
6097
6019
6022
6098
6023
6099
6021
6024
6100
6022
6025
6101
6023
6026
6102
6027
6103
6025
6028
6104
6026
6029
6105
6027
6030
6106
6031
6107
6029
6032
6108
6030
6033
6109
6031
6034
6110
6035
6111
6033
6036
6112
6034
6037
6113
6035
6038
6114
6039
6115
6037
6040
6116
6038
6041
6117
6039
6042
6118
6043
6119
6041
6044
6120
6042
6045
6121
6043
6046
6122
6047
6123
6045
6048
6124
6046
6049
6125
6047
6050
6126
6051
6127
6049
6052
6128
6050
6053
6129
6051
6054
6130
6055
6131
6053
6056
6132
6054
6057
6133
6055
6058
6134
6059
6135
6057
6060
6136
6058
6061
6137
6059
6062
6138
6063
6139
6061
6064
6140
6062
6065
6141
6063
6066
6142
6067
6143
6065
6068
6144
6066
6069
6145
6067
6070
6146
6071
6147
6069
6072
6148
6070
6073
6149
6071
6074
6150
6075
6151
6073
6076
6152
6074
6077
6153
6075
6078
6154
6079
6155
6077
6156
6078
6157
6079
6158
6159
6081
6084
6160
6082
6085
6161
6083
6086
6162
6087
6163
6085
6088
6164
6086
6089
6165
6087
6090
6166
6091
6167
6089
6092
6168
6090
6093
6169
6091
6094
6170
6095
6171
6093
6096
6172
6094
6097
6173
6095
6098
6174
6099
6175
6097
6100
6176
6098
6101
6177
6099
6102
6178
6103
6179
6101
6104
6180
6102
6105
6181
6103
6106
6182
6107
6183
6105
6108
6184
6106
6109
6185
6107
6110
6186
6111
6187
6109
6112
6188
6110
6113
6189
6111
6114
6190
6115
6191
6113
6116
6192
6114
6117
6193
6115
6118
6194
6119
6195
6117
6120
6196
6118
6121
6197
6119
6122
6198
6123
6199
6121
6124
6200
6122
6125
6201
6123
6126
6202
6127
6203
6125
6128
6204
6126
6129
6205
6127
6130
6206
6131
6207
6129
6132
6208
6130
6133
6209
6131
6134
6210
6135
6211
6133
6136
6212
6134
6137
6213
6135
6138
6214
6139
6215
6137
6140
6216
6138
6141
6217
6139
6142
6218
6143
6219
6141
6144
6220
6142
6145
6221
6143
6146
6222
6147
6223
6145
6148
6224
6146
6149
6225
6147
6150
6226
6151
6227
6149
6152
6228
6150
6153
6229
6151
6154
6230
6155
6231
6153
6156
6232
6154
6157
6233
6155
6158
6234
6159
6235
6157
6236
6158
6237
6159
6238
6239
6161
6164
6240
6162
6165
6241
6163
6166
6242
6167
6243
6165
6168
6244
6166
6169
6245
6167
6170
6246
6171
6247
6169
6172
6248
6170
6173
6249
6171
6174
6250
6175
6251
6173
6176
6252
6174
6177
6253
6175
6178
6254
6179
6255
6177
6180
6256
6178
6181
6257
6179
6182
6258
6183
6259
6181
6184
6260
6182
6185
6261
6183
6186
6262
6187
6263
6185
6188
6264
6186
6189
6265
6187
6190
6266
6191
6267
6189
6192
6268
6190
6193
6269
6191
6194
6270
6195
6271
6193
6196
6272
6194
6197
6273
6195
6198
6274
6199
6275
6197
6200
6276
6198
6201
6277
6199
6202
6278
6203
6279
6201
6204
6280
6202
6205
6281
6203
6206
6282
6207
6283
6205
6208
6284
6206
6209
6285
6207
6210
6286
6211
6287
6209
6212
6288
6210
6213
6289
6211
6214
6290
6215
6291
6213
6216
6292
6214
6217
6293
6215
6218
6294
6219
6295
6217
6220
6296
6218
6221
6297
6219
6222
6298
6223
6299
6221
6224
6300
6222
6225
6301
6223
6226
6302
6227
6303
6225
6228
6304
6226
6229
6305
6227
6230
6306
6231
6307
6229
6232
6308
6230
6233
6309
6231
6234
6310
6235
6311
6233
6236
6312
6234
6237
6313
6235
6238
6314
6239
6315
6237
6316
6238
6317
6239
6318
6319
6241
6244
6320
6242
6245
6321
6243
6246
6322
6247
6323
6245
6248
6324
6246
6249
6325
6247
6250
6326
6251
6327
6249
6252
6328
6250
6253
6329
6251
6254
6330
6255
6331
6253
6256
6332
6254
6257
6333
6255
6258
6334
6259
6335
6257
6260
6336
6258
6261
6337
6259
6262
6338
6263
6339
6261
6264
6340
6262
6265
6341
6263
6266
6342
6267
6343
6265
6268
6344
6266
6269
6345
6267
6270
6346
6271
6347
6269
6272
6348
6270
6273
6349
6271
6274
6350
6275
6351
6273
6276
6352
6274
6277
6353
6275
6278
6354
6279
6355
6277
6280
6356
6278
6281
6357
6279
6282
6358
6283
6359
6281
6284
6360
6282
6285
6361
6283
6286
6362
6287
6363
6285
6288
6364
6286
6289
6365
6287
6290
6366
6291
6367
6289
6292
6368
6290
6293
6369
6291
6294
6370
6295
6371
6293
6296
6372
6294
6297
6373
6295
6298
6374
6299
6375
6297
6300
6376
6298
6301
6377
6299
6302
6378
6303
6379
6301
6304
6380
6302
6305
6381
6303
6306
6382
6307
6383
6305
6308
6384
6306
6309
6385
6307
6310
6386
6311
6387
6309
6312
6388
6310
6313
6389
6311
6314
6390
6315
6391
6313
6316
6392
6314
6317
6393
6315
6318
6394
6319
6395
6317
6396
6318
6397
6319
6398
6399
6321
6324
6322
6325
6323
6326
6327
6325
6328
6326
6329
6327
6330
6331
6329
6332
6330
6333
6331
6334
6335
6333
6336
6334
6337
6335
6338
6339
6337
6340
6338
6341
6339
6342
6343
6341
6344
6342
6345
6343
6346
6347
6345
6348
6346
6349
6347
6350
6351
6349
6352
6350
6353
6351
6354
6355
6353
6356
6354
6357
6355
6358
6359
6357
6360
6358
6361
6359
6362
6363
6361
6364
6362
6365
6363
6366
6367
6365
6368
6366
6369
6367
6370
6371
6369
6372
6370
6373
6371
6374
6375
6373
6376
6374
6377
6375
6378
6379
6377
6380
6378
6381
6379
6382
6383
6381
6384
6382
6385
6383
6386
6387
6385
6388
6386
6389
6387
6390
6391
6389
6392
6390
6393
6391
6394
6395
6393
6396
6394
6397
6395
6398
6399
6397
6398
6399
)


// ************************************************************************* //
