/*--------------------------------*- C++ -*----------------------------------*\
| =========                 |                                                 |
| \\      /  F ield         | foam-extend: Open Source CFD                    |
|  \\    /   O peration     | Version:     3.2                                |
|   \\  /    A nd           | Web:         http://www.foam-extend.org         |
|    \\/     M anipulation  | For copyright notice see file Copyright         |
\*---------------------------------------------------------------------------*/
FoamFile
{
    version     2.0;
    format      ascii;
    class       labelList;
    location    "constant/polyMesh";
    object      neighbour;
}
// * * * * * * * * * * * * * * * * * * * * * * * * * * * * * * * * * * * * * //


12721
(
1
9
1145
3125
2
8
1144
3
7
1143
4
6
1142
5
1141
6
7
8
9
10
11
3125
12
3124
13
3123
14
3122
15
3121
16
3120
17
3119
18
3118
19
3117
20
3116
21
3115
22
3114
23
3113
24
3112
25
3111
26
3110
27
3109
28
3108
29
3107
30
3106
31
3105
32
3104
33
3103
34
40
35
39
36
38
37
38
44
39
43
40
42
41
3103
42
48
1168
43
47
44
46
45
46
52
47
51
48
50
49
1169
50
56
1170
51
55
52
54
53
54
60
55
59
56
58
57
1171
58
64
1172
59
63
60
62
61
62
68
63
67
64
66
65
1173
66
72
1174
67
71
68
70
69
70
76
71
75
72
74
73
1175
74
80
1176
75
79
76
78
77
78
84
79
83
80
82
81
1177
82
88
1178
83
87
84
86
85
86
92
87
91
88
90
89
1179
90
96
1180
91
95
92
94
93
94
100
95
99
96
98
97
1181
98
104
1182
99
103
100
102
101
102
108
103
107
104
106
105
1183
106
112
1184
107
111
108
110
109
110
116
111
115
112
114
113
1185
114
120
1186
115
119
116
118
117
118
124
119
123
120
122
121
1187
122
128
1188
123
127
124
126
125
126
132
127
131
128
130
129
1189
130
136
1190
131
135
132
134
133
134
140
135
139
136
138
137
1191
138
144
1192
139
143
140
142
141
142
148
143
147
144
146
145
1193
146
152
1194
147
151
148
150
149
150
156
151
155
152
154
153
1195
154
160
1196
155
159
156
158
157
158
164
159
163
160
162
161
1197
162
168
1198
163
167
164
166
165
166
172
167
171
168
170
169
1199
170
176
1200
171
175
172
174
173
174
180
175
179
176
178
177
1201
178
184
1202
179
183
180
182
181
182
188
183
187
184
186
185
1203
186
192
1204
187
191
188
190
189
190
196
191
195
192
194
193
1205
194
200
1206
195
199
196
198
197
198
204
199
203
200
202
201
1207
202
208
1208
203
207
204
206
205
206
212
207
211
208
210
209
1209
210
216
1210
211
215
212
214
213
214
220
215
219
216
218
217
1211
218
224
1212
219
223
220
222
221
222
228
223
227
224
226
225
1213
226
232
1214
227
231
228
230
229
230
236
231
235
232
234
233
1215
234
240
1216
235
239
236
238
237
238
244
239
243
240
242
241
1217
242
248
1218
243
247
244
246
245
246
252
247
251
248
250
249
1219
250
256
1220
251
255
252
254
253
254
260
255
259
256
258
257
1221
258
264
1222
259
263
260
262
261
262
268
263
267
264
266
265
1223
266
272
1224
267
271
268
270
269
270
276
271
275
272
274
273
1225
274
280
1226
275
279
276
278
277
278
284
279
283
280
282
281
1227
282
288
1228
283
287
284
286
285
286
292
287
291
288
290
289
1229
290
296
1230
291
295
292
294
293
294
300
295
299
296
298
297
1231
298
304
1232
299
303
300
302
301
302
308
303
307
304
306
305
1233
306
312
1234
307
311
308
310
309
310
316
311
315
312
314
313
1235
314
320
1236
315
319
316
318
317
318
324
319
323
320
322
321
1237
322
328
1238
323
327
324
326
325
326
332
327
331
328
330
329
1239
330
336
1240
331
335
332
334
333
334
335
336
337
338
1240
339
1241
340
1242
341
1243
342
1260
343
1261
344
1262
345
1263
346
1280
347
1281
348
1282
349
1283
350
1861
351
1862
352
1863
353
1864
354
1881
355
1882
356
1883
357
1884
358
1901
359
1902
360
1903
361
1904
362
368
363
367
364
366
365
366
372
367
371
368
370
369
1904
370
376
1905
371
375
372
374
373
374
380
375
379
376
378
377
1914
378
384
1915
379
383
380
382
381
382
388
383
387
384
386
385
1916
386
392
1917
387
391
388
390
389
390
396
391
395
392
394
393
2054
394
400
2055
395
399
396
398
397
398
404
399
403
400
402
401
2056
402
408
2057
403
407
404
406
405
406
412
407
411
408
410
409
2066
410
416
2067
411
415
412
414
413
414
420
415
419
416
418
417
2068
418
424
2069
419
423
420
422
421
422
428
423
427
424
426
425
2078
426
432
2079
427
431
428
430
429
430
436
431
435
432
434
433
2080
434
440
2081
435
439
436
438
437
438
444
439
443
440
442
441
2090
442
448
2091
443
447
444
446
445
446
452
447
451
448
450
449
2092
450
456
2093
451
455
452
454
453
454
460
455
459
456
458
457
2230
458
464
2231
459
463
460
462
461
462
468
463
467
464
466
465
2232
466
472
2233
467
471
468
470
469
470
476
471
475
472
474
473
2242
474
480
2243
475
479
476
478
477
478
484
479
483
480
482
481
2244
482
488
2245
483
487
484
486
485
486
492
487
491
488
490
489
2254
490
496
2255
491
495
492
494
493
494
500
495
499
496
498
497
2256
498
504
2257
499
503
500
502
501
502
508
503
507
504
506
505
2266
506
512
2267
507
511
508
510
509
510
516
511
515
512
514
513
2268
514
520
2269
515
519
516
518
517
518
524
519
523
520
522
521
2440
522
528
2441
523
527
524
526
525
526
532
527
531
528
530
529
2442
530
536
2443
531
535
532
534
533
534
540
535
539
536
538
537
2452
538
544
2453
539
543
540
542
541
542
548
543
547
544
546
545
2454
546
552
2455
547
551
548
550
549
550
556
551
555
552
554
553
2483
554
560
2482
555
559
556
558
557
558
564
559
563
560
562
561
2484
562
568
2501
563
567
564
566
565
566
572
567
571
568
570
569
2501
570
588
2502
571
581
572
580
573
574
580
575
579
576
578
577
578
584
579
583
580
582
581
582
588
583
587
584
586
585
586
592
587
591
588
590
589
590
596
2502
591
595
592
594
593
594
600
595
599
596
598
597
2499
598
604
2498
599
603
600
602
601
602
608
603
607
604
606
605
2495
606
612
2494
607
611
608
610
609
610
616
611
615
612
614
613
2491
614
620
2490
615
619
616
618
617
618
624
619
623
620
622
621
2489
622
628
2476
623
627
624
626
625
626
632
627
631
628
630
629
2474
630
636
2475
631
635
632
634
633
634
640
635
639
636
638
637
2469
638
644
2468
639
643
640
642
641
642
648
643
647
644
646
645
2465
646
652
2464
647
651
648
650
649
650
656
651
655
652
654
653
2463
654
660
2422
655
659
656
658
657
658
664
659
663
660
662
661
2420
662
668
2421
663
667
664
666
665
666
672
667
671
668
670
669
2415
670
676
2414
671
675
672
674
673
674
680
675
679
676
678
677
2411
678
684
2410
679
683
680
682
681
682
688
683
687
684
686
685
2409
686
692
2400
687
691
688
690
689
690
696
691
695
692
694
693
2398
694
700
2399
695
699
696
698
697
698
704
699
703
700
702
701
2393
702
708
2392
703
707
704
706
705
706
712
707
711
708
710
709
2389
710
716
2388
711
715
712
714
713
714
720
715
719
716
718
717
2387
718
724
2378
719
723
720
722
721
722
728
723
727
724
726
725
2376
726
732
2377
727
731
728
730
729
730
736
731
735
732
734
733
2371
734
740
2370
735
739
736
738
737
738
744
739
743
740
742
741
2367
742
748
2366
743
747
744
746
745
746
752
747
751
748
750
749
2365
750
756
2356
751
755
752
754
753
754
760
755
759
756
758
757
2354
758
764
2355
759
763
760
762
761
762
768
763
767
764
766
765
2349
766
772
2348
767
771
768
770
769
770
776
771
775
772
774
773
2345
774
780
2344
775
779
776
778
777
778
784
779
783
780
782
781
2503
782
788
2503
783
787
784
786
785
786
792
787
791
788
790
789
2504
790
796
2511
791
795
792
794
793
794
800
795
799
796
798
797
2512
798
804
2512
799
803
800
802
801
802
808
803
807
804
806
805
2513
806
812
2529
807
811
808
810
809
810
816
811
815
812
814
813
2529
814
820
2528
815
819
816
818
817
818
824
819
823
820
822
821
2771
822
828
2772
823
827
824
826
825
826
832
827
831
828
830
829
2772
830
836
2774
831
835
832
834
833
834
840
835
839
836
838
837
2776
838
844
2777
839
843
840
842
841
842
848
843
847
844
846
845
2779
846
852
2780
847
851
848
850
849
850
856
851
855
852
854
853
2782
854
860
2783
855
859
856
858
857
858
864
859
863
860
862
861
2785
862
868
2786
863
867
864
866
865
866
872
867
871
868
870
869
2788
870
876
2789
871
875
872
874
873
874
880
875
879
876
878
877
2791
878
884
2792
879
883
880
882
881
882
888
883
887
884
886
885
2794
886
892
2795
887
891
888
890
889
890
896
891
895
892
894
893
2797
894
900
2798
895
899
896
898
897
898
904
899
903
900
902
901
2800
902
908
2801
903
907
904
906
905
906
912
907
911
908
910
909
2803
910
916
2804
911
915
912
914
913
914
920
915
919
916
918
917
2806
918
924
2807
919
923
920
922
921
922
928
923
927
924
926
925
2809
926
932
2810
927
931
928
930
929
930
936
931
935
932
934
933
2812
934
940
2813
935
939
936
938
937
938
944
939
943
940
942
941
2815
942
948
2816
943
947
944
946
945
946
952
947
951
948
950
949
2818
950
956
2819
951
955
952
954
953
954
960
955
959
956
958
957
2821
958
964
2822
959
963
960
962
961
962
968
963
967
964
966
965
2824
966
972
2825
967
971
968
970
969
970
976
971
975
972
974
973
2827
974
980
2828
975
979
976
978
977
978
984
979
983
980
982
981
2830
982
988
2831
983
987
984
986
985
986
992
987
991
988
990
989
2833
990
996
2834
991
995
992
994
993
994
1000
995
999
996
998
997
2836
998
1004
2837
999
1003
1000
1002
1001
1002
1008
1003
1007
1004
1006
1005
2839
1006
1012
2840
1007
1011
1008
1010
1009
1010
1016
1011
1015
1012
1014
1013
2842
1014
1032
2843
1015
1025
1016
1024
1017
1018
1024
1019
1023
1020
1022
1021
1022
1028
1023
1027
1024
1026
1025
1026
1032
1027
1031
1028
1030
1029
1030
1036
1031
1035
1032
1034
1033
1034
1040
2843
1035
1039
1036
1038
1037
1038
1044
1039
1043
1040
1042
1041
2844
1042
1048
2845
1043
1047
1044
1046
1045
1046
1052
1047
1051
1048
1050
1049
2845
1050
1056
2846
1051
1055
1052
1054
1053
1054
1060
1055
1059
1056
1058
1057
2893
1058
1064
2892
1059
1063
1060
1062
1061
1062
1068
1063
1067
1064
1066
1065
2891
1066
1072
2894
1067
1071
1068
1070
1069
1070
1076
1071
1075
1072
1074
1073
3031
1074
1080
3032
1075
1079
1076
1078
1077
1078
1084
1079
1083
1080
1082
1081
3033
1082
1088
3034
1083
1087
1084
1086
1085
1086
1092
1087
1091
1088
1090
1089
3043
1090
1096
3044
1091
1095
1092
1094
1093
1094
1100
1095
1099
1096
1098
1097
3045
1098
1104
3046
1099
1103
1100
1102
1101
1102
1108
1103
1107
1104
1106
1105
3055
1106
1112
3056
1107
1111
1108
1110
1109
1110
1116
1111
1115
1112
1114
1113
3057
1114
1120
3058
1115
1119
1116
1118
1117
1118
1124
1119
1123
1120
1122
1121
3067
1122
1128
3068
1123
1127
1124
1126
1125
1126
1132
1127
1131
1128
1130
1129
3069
1130
1136
3070
1131
1135
1132
1134
1133
1134
1140
1135
1139
1136
1138
1137
3101
1138
1144
3102
1139
1143
1140
1142
1141
1142
1143
1144
1145
1146
3102
1147
3099
3125
1148
3098
3124
1149
3095
3123
1150
3094
3122
1151
3091
3121
1152
3090
3120
1153
3087
3119
1154
3086
3118
1155
3083
3117
1156
3082
3116
1157
2747
3115
1158
2746
3114
1159
2743
3113
1160
2742
3112
1161
2739
3111
1162
2738
3110
1163
2735
3109
1164
2734
3108
1165
2731
3107
1166
2730
3106
1167
2727
3105
1168
2726
3104
1169
3103
1170
2726
1171
2725
1172
2724
1173
2587
1174
2586
1175
2585
1176
2584
1177
2575
1178
2574
1179
2573
1180
2572
1181
2563
1182
2562
1183
2561
1184
2560
1185
2551
1186
2550
1187
2549
1188
2548
1189
1697
1190
1696
1191
1695
1192
1694
1193
1685
1194
1684
1195
1683
1196
1682
1197
1673
1198
1672
1199
1671
1200
1670
1201
1661
1202
1660
1203
1659
1204
1658
1205
1521
1206
1520
1207
1519
1208
1518
1209
1509
1210
1508
1211
1507
1212
1506
1213
1497
1214
1496
1215
1495
1216
1494
1217
1485
1218
1484
1219
1483
1220
1482
1221
1345
1222
1344
1223
1343
1224
1342
1225
1333
1226
1332
1227
1331
1228
1330
1229
1321
1230
1320
1231
1319
1232
1318
1233
1309
1234
1308
1235
1307
1236
1306
1237
1249
1238
1248
1239
1247
1240
1246
1241
1242
1246
1243
1245
1244
1260
1245
1253
1259
1246
1252
1247
1248
1252
1249
1251
1250
1306
1251
1255
1305
1252
1254
1253
1254
1258
1255
1257
1256
1304
1257
1269
1303
1258
1268
1259
1267
1260
1266
1261
1262
1266
1263
1265
1264
1280
1265
1273
1279
1266
1272
1267
1268
1272
1269
1271
1270
1302
1271
1275
1301
1272
1274
1273
1274
1278
1275
1277
1276
1300
1277
1289
1299
1278
1288
1279
1287
1280
1286
1281
1282
1286
1283
1285
1284
1861
1285
1293
1860
1286
1292
1287
1288
1292
1289
1291
1290
1298
1291
1295
1297
1292
1294
1293
1294
1859
1295
1858
1296
1857
1297
1401
1856
1298
1400
1299
1395
1300
1394
1301
1373
1302
1372
1303
1367
1304
1366
1305
1313
1306
1312
1307
1308
1312
1309
1311
1310
1318
1311
1315
1317
1312
1314
1313
1314
1366
1315
1365
1316
1364
1317
1325
1363
1318
1324
1319
1320
1324
1321
1323
1322
1330
1323
1327
1329
1324
1326
1325
1326
1362
1327
1361
1328
1360
1329
1337
1359
1330
1336
1331
1332
1336
1333
1335
1334
1342
1335
1339
1341
1336
1338
1337
1338
1358
1339
1357
1340
1356
1341
1349
1355
1342
1348
1343
1344
1348
1345
1347
1346
1482
1347
1351
1481
1348
1350
1349
1350
1354
1351
1353
1352
1480
1353
1437
1479
1354
1436
1355
1435
1356
1434
1357
1425
1358
1424
1359
1423
1360
1422
1361
1381
1362
1380
1363
1379
1364
1378
1365
1369
1366
1368
1367
1368
1372
1369
1371
1370
1378
1371
1375
1377
1372
1374
1373
1374
1394
1375
1393
1376
1392
1377
1385
1391
1378
1384
1379
1380
1384
1381
1383
1382
1422
1383
1387
1421
1384
1386
1385
1386
1390
1387
1389
1388
1420
1389
1409
1419
1390
1408
1391
1407
1392
1406
1393
1397
1394
1396
1395
1396
1400
1397
1399
1398
1406
1399
1403
1405
1400
1402
1401
1402
1855
1403
1854
1404
1853
1405
1413
1852
1406
1412
1407
1408
1412
1409
1411
1410
1418
1411
1415
1417
1412
1414
1413
1414
1851
1415
1850
1416
1849
1417
1457
1848
1418
1456
1419
1451
1420
1450
1421
1429
1422
1428
1423
1424
1428
1425
1427
1426
1434
1427
1431
1433
1428
1430
1429
1430
1450
1431
1449
1432
1448
1433
1441
1447
1434
1440
1435
1436
1440
1437
1439
1438
1478
1439
1443
1477
1440
1442
1441
1442
1446
1443
1445
1444
1476
1445
1465
1475
1446
1464
1447
1463
1448
1462
1449
1453
1450
1452
1451
1452
1456
1453
1455
1454
1462
1455
1459
1461
1456
1458
1457
1458
1847
1459
1846
1460
1845
1461
1469
1844
1462
1468
1463
1464
1468
1465
1467
1466
1474
1467
1471
1473
1468
1470
1469
1470
1843
1471
1842
1472
1841
1473
1577
1840
1474
1576
1475
1571
1476
1570
1477
1549
1478
1548
1479
1543
1480
1542
1481
1489
1482
1488
1483
1484
1488
1485
1487
1486
1494
1487
1491
1493
1488
1490
1489
1490
1542
1491
1541
1492
1540
1493
1501
1539
1494
1500
1495
1496
1500
1497
1499
1498
1506
1499
1503
1505
1500
1502
1501
1502
1538
1503
1537
1504
1536
1505
1513
1535
1506
1512
1507
1508
1512
1509
1511
1510
1518
1511
1515
1517
1512
1514
1513
1514
1534
1515
1533
1516
1532
1517
1525
1531
1518
1524
1519
1520
1524
1521
1523
1522
1658
1523
1527
1657
1524
1526
1525
1526
1530
1527
1529
1528
1656
1529
1613
1655
1530
1612
1531
1611
1532
1610
1533
1601
1534
1600
1535
1599
1536
1598
1537
1557
1538
1556
1539
1555
1540
1554
1541
1545
1542
1544
1543
1544
1548
1545
1547
1546
1554
1547
1551
1553
1548
1550
1549
1550
1570
1551
1569
1552
1568
1553
1561
1567
1554
1560
1555
1556
1560
1557
1559
1558
1598
1559
1563
1597
1560
1562
1561
1562
1566
1563
1565
1564
1596
1565
1585
1595
1566
1584
1567
1583
1568
1582
1569
1573
1570
1572
1571
1572
1576
1573
1575
1574
1582
1575
1579
1581
1576
1578
1577
1578
1839
1579
1838
1580
1837
1581
1589
1836
1582
1588
1583
1584
1588
1585
1587
1586
1594
1587
1591
1593
1588
1590
1589
1590
1835
1591
1834
1592
1833
1593
1633
1832
1594
1632
1595
1627
1596
1626
1597
1605
1598
1604
1599
1600
1604
1601
1603
1602
1610
1603
1607
1609
1604
1606
1605
1606
1626
1607
1625
1608
1624
1609
1617
1623
1610
1616
1611
1612
1616
1613
1615
1614
1654
1615
1619
1653
1616
1618
1617
1618
1622
1619
1621
1620
1652
1621
1641
1651
1622
1640
1623
1639
1624
1638
1625
1629
1626
1628
1627
1628
1632
1629
1631
1630
1638
1631
1635
1637
1632
1634
1633
1634
1831
1635
1830
1636
1829
1637
1645
1828
1638
1644
1639
1640
1644
1641
1643
1642
1650
1643
1647
1649
1644
1646
1645
1646
1827
1647
1826
1648
1825
1649
1753
1824
1650
1752
1651
1747
1652
1746
1653
1725
1654
1724
1655
1719
1656
1718
1657
1665
1658
1664
1659
1660
1664
1661
1663
1662
1670
1663
1667
1669
1664
1666
1665
1666
1718
1667
1717
1668
1716
1669
1677
1715
1670
1676
1671
1672
1676
1673
1675
1674
1682
1675
1679
1681
1676
1678
1677
1678
1714
1679
1713
1680
1712
1681
1689
1711
1682
1688
1683
1684
1688
1685
1687
1686
1694
1687
1691
1693
1688
1690
1689
1690
1710
1691
1709
1692
1708
1693
1701
1707
1694
1700
1695
1696
1700
1697
1699
1698
2548
1699
1703
2547
1700
1702
1701
1702
1706
1703
1705
1704
2546
1705
1789
2545
1706
1788
1707
1787
1708
1786
1709
1777
1710
1776
1711
1775
1712
1774
1713
1733
1714
1732
1715
1731
1716
1730
1717
1721
1718
1720
1719
1720
1724
1721
1723
1722
1730
1723
1727
1729
1724
1726
1725
1726
1746
1727
1745
1728
1744
1729
1737
1743
1730
1736
1731
1732
1736
1733
1735
1734
1774
1735
1739
1773
1736
1738
1737
1738
1742
1739
1741
1740
1772
1741
1761
1771
1742
1760
1743
1759
1744
1758
1745
1749
1746
1748
1747
1748
1752
1749
1751
1750
1758
1751
1755
1757
1752
1754
1753
1754
1823
1755
1822
1756
1821
1757
1765
1820
1758
1764
1759
1760
1764
1761
1763
1762
1770
1763
1767
1769
1764
1766
1765
1766
1819
1767
1818
1768
1817
1769
1809
1816
1770
1808
1771
1803
1772
1802
1773
1781
1774
1780
1775
1776
1780
1777
1779
1778
1786
1779
1783
1785
1780
1782
1781
1782
1802
1783
1801
1784
1800
1785
1793
1799
1786
1792
1787
1788
1792
1789
1791
1790
2544
1791
1795
2543
1792
1794
1793
1794
1798
1795
1797
1796
2542
1797
2520
2541
1798
2519
1799
2518
1800
2517
1801
1805
1802
1804
1803
1804
1808
1805
1807
1806
2517
1807
2507
2508
2516
1808
1810
1811
1809
1810
1813
1815
1811
1813
1812
2507
1813
2341
2342
2505
2506
1814
1815
2338
2340
2341
1816
2336
2338
1817
2335
1818
2294
1819
2293
1820
2292
1821
2291
1822
2282
1823
2281
1824
2280
1825
2279
1826
2174
1827
2173
1828
2172
1829
2171
1830
2162
1831
2161
1832
2160
1833
2159
1834
2118
1835
2117
1836
2116
1837
2115
1838
2106
1839
2105
1840
2104
1841
2103
1842
1998
1843
1997
1844
1996
1845
1995
1846
1986
1847
1985
1848
1984
1849
1983
1850
1942
1851
1941
1852
1940
1853
1939
1854
1930
1855
1929
1856
1928
1857
1927
1858
1870
1859
1869
1860
1868
1861
1867
1862
1863
1867
1864
1866
1865
1881
1866
1874
1880
1867
1873
1868
1869
1873
1870
1872
1871
1927
1872
1876
1926
1873
1875
1874
1875
1879
1876
1878
1877
1925
1878
1890
1924
1879
1889
1880
1888
1881
1887
1882
1883
1887
1884
1886
1885
1901
1886
1894
1900
1887
1893
1888
1889
1893
1890
1892
1891
1923
1892
1896
1922
1893
1895
1894
1895
1899
1896
1898
1897
1921
1898
1910
1920
1899
1909
1900
1908
1901
1907
1902
1903
1907
1904
1906
1905
1906
1914
1907
1913
1908
1909
1913
1910
1912
1911
1919
1912
1916
1918
1913
1915
1914
1915
1916
1917
1918
2054
1919
2053
1920
2048
1921
2047
1922
1962
1923
1961
1924
1956
1925
1955
1926
1934
1927
1933
1928
1929
1933
1930
1932
1931
1939
1932
1936
1938
1933
1935
1934
1935
1955
1936
1954
1937
1953
1938
1946
1952
1939
1945
1940
1941
1945
1942
1944
1943
1983
1944
1948
1982
1945
1947
1946
1947
1951
1948
1950
1949
1981
1950
1970
1980
1951
1969
1952
1968
1953
1967
1954
1958
1955
1957
1956
1957
1961
1958
1960
1959
1967
1960
1964
1966
1961
1963
1962
1963
2047
1964
2046
1965
2045
1966
1974
2044
1967
1973
1968
1969
1973
1970
1972
1971
1979
1972
1976
1978
1973
1975
1974
1975
2043
1976
2042
1977
2041
1978
2018
2040
1979
2017
1980
2012
1981
2011
1982
1990
1983
1989
1984
1985
1989
1986
1988
1987
1995
1988
1992
1994
1989
1991
1990
1991
2011
1992
2010
1993
2009
1994
2002
2008
1995
2001
1996
1997
2001
1998
2000
1999
2103
2000
2004
2102
2001
2003
2002
2003
2007
2004
2006
2005
2101
2006
2026
2100
2007
2025
2008
2024
2009
2023
2010
2014
2011
2013
2012
2013
2017
2014
2016
2015
2023
2016
2020
2022
2017
2019
2018
2019
2039
2020
2038
2021
2037
2022
2030
2036
2023
2029
2024
2025
2029
2026
2028
2027
2099
2028
2032
2098
2029
2031
2030
2031
2035
2032
2034
2033
2097
2034
2086
2096
2035
2085
2036
2084
2037
2083
2038
2074
2039
2073
2040
2072
2041
2071
2042
2062
2043
2061
2044
2060
2045
2059
2046
2050
2047
2049
2048
2049
2053
2050
2052
2051
2059
2052
2056
2058
2053
2055
2054
2055
2056
2057
2058
2066
2059
2065
2060
2061
2065
2062
2064
2063
2071
2064
2068
2070
2065
2067
2066
2067
2068
2069
2070
2078
2071
2077
2072
2073
2077
2074
2076
2075
2083
2076
2080
2082
2077
2079
2078
2079
2080
2081
2082
2090
2083
2089
2084
2085
2089
2086
2088
2087
2095
2088
2092
2094
2089
2091
2090
2091
2092
2093
2094
2230
2095
2229
2096
2224
2097
2223
2098
2138
2099
2137
2100
2132
2101
2131
2102
2110
2103
2109
2104
2105
2109
2106
2108
2107
2115
2108
2112
2114
2109
2111
2110
2111
2131
2112
2130
2113
2129
2114
2122
2128
2115
2121
2116
2117
2121
2118
2120
2119
2159
2120
2124
2158
2121
2123
2122
2123
2127
2124
2126
2125
2157
2126
2146
2156
2127
2145
2128
2144
2129
2143
2130
2134
2131
2133
2132
2133
2137
2134
2136
2135
2143
2136
2140
2142
2137
2139
2138
2139
2223
2140
2222
2141
2221
2142
2150
2220
2143
2149
2144
2145
2149
2146
2148
2147
2155
2148
2152
2154
2149
2151
2150
2151
2219
2152
2218
2153
2217
2154
2194
2216
2155
2193
2156
2188
2157
2187
2158
2166
2159
2165
2160
2161
2165
2162
2164
2163
2171
2164
2168
2170
2165
2167
2166
2167
2187
2168
2186
2169
2185
2170
2178
2184
2171
2177
2172
2173
2177
2174
2176
2175
2279
2176
2180
2278
2177
2179
2178
2179
2183
2180
2182
2181
2277
2182
2202
2276
2183
2201
2184
2200
2185
2199
2186
2190
2187
2189
2188
2189
2193
2190
2192
2191
2199
2192
2196
2198
2193
2195
2194
2195
2215
2196
2214
2197
2213
2198
2206
2212
2199
2205
2200
2201
2205
2202
2204
2203
2275
2204
2208
2274
2205
2207
2206
2207
2211
2208
2210
2209
2273
2210
2262
2272
2211
2261
2212
2260
2213
2259
2214
2250
2215
2249
2216
2248
2217
2247
2218
2238
2219
2237
2220
2236
2221
2235
2222
2226
2223
2225
2224
2225
2229
2226
2228
2227
2235
2228
2232
2234
2229
2231
2230
2231
2232
2233
2234
2242
2235
2241
2236
2237
2241
2238
2240
2239
2247
2240
2244
2246
2241
2243
2242
2243
2244
2245
2246
2254
2247
2253
2248
2249
2253
2250
2252
2251
2259
2252
2256
2258
2253
2255
2254
2255
2256
2257
2258
2266
2259
2265
2260
2261
2265
2262
2264
2263
2271
2264
2268
2270
2265
2267
2266
2267
2268
2269
2270
2440
2271
2439
2272
2434
2273
2433
2274
2314
2275
2313
2276
2308
2277
2307
2278
2286
2279
2285
2280
2281
2285
2282
2284
2283
2291
2284
2288
2290
2285
2287
2286
2287
2307
2288
2306
2289
2305
2290
2298
2304
2291
2297
2292
2293
2297
2294
2296
2295
2335
2296
2300
2334
2297
2299
2298
2299
2303
2300
2302
2301
2333
2302
2322
2332
2303
2321
2304
2320
2305
2319
2306
2310
2307
2309
2308
2309
2313
2310
2312
2311
2319
2312
2316
2318
2313
2315
2314
2315
2433
2316
2432
2317
2431
2318
2326
2430
2319
2325
2320
2321
2325
2322
2324
2323
2331
2324
2328
2330
2325
2327
2326
2327
2429
2328
2428
2329
2427
2330
2404
2426
2331
2403
2332
2382
2333
2381
2334
2360
2335
2359
2336
2337
2352
2359
2338
2347
2350
2352
2339
2346
2340
2344
2346
2341
2343
2342
2343
2504
2344
2503
2345
2346
2348
2347
2348
2350
2349
2350
2355
2351
2352
2353
2355
2353
2358
2354
2357
2355
2356
2357
2365
2358
2364
2359
2362
2364
2360
2362
2361
2374
2381
2362
2369
2372
2374
2363
2368
2364
2366
2368
2365
2366
2367
2368
2370
2369
2370
2372
2371
2372
2377
2373
2374
2375
2377
2375
2380
2376
2379
2377
2378
2379
2387
2380
2386
2381
2384
2386
2382
2384
2383
2396
2403
2384
2391
2394
2396
2385
2390
2386
2388
2390
2387
2388
2389
2390
2392
2391
2392
2394
2393
2394
2399
2395
2396
2397
2399
2397
2402
2398
2401
2399
2400
2401
2409
2402
2408
2403
2406
2408
2404
2406
2405
2418
2425
2406
2413
2416
2418
2407
2412
2408
2410
2412
2409
2410
2411
2412
2414
2413
2414
2416
2415
2416
2421
2417
2418
2419
2421
2419
2424
2420
2423
2421
2422
2423
2463
2424
2462
2425
2460
2462
2426
2458
2460
2427
2457
2428
2448
2429
2447
2430
2446
2431
2445
2432
2436
2433
2435
2434
2435
2439
2436
2438
2437
2445
2438
2442
2444
2439
2441
2440
2441
2442
2443
2444
2452
2445
2451
2446
2447
2451
2448
2450
2449
2457
2450
2454
2456
2451
2453
2452
2453
2454
2455
2456
2480
2483
2457
2479
2458
2459
2472
2479
2460
2467
2470
2472
2461
2466
2462
2464
2466
2463
2464
2465
2466
2468
2467
2468
2470
2469
2470
2475
2471
2472
2473
2475
2473
2478
2474
2477
2475
2476
2477
2489
2478
2488
2479
2486
2488
2480
2481
2486
2481
2483
2482
2485
2483
2484
2485
2497
2500
2486
2493
2496
2487
2492
2488
2490
2492
2489
2490
2491
2492
2494
2493
2494
2496
2495
2496
2498
2497
2498
2500
2499
2500
2502
2501
2502
2504
2505
2506
2511
2507
2510
2508
2510
2509
2513
2515
2510
2512
2513
2511
2512
2514
2515
2527
2529
2516
2525
2527
2517
2523
2525
2518
2519
2523
2520
2522
2521
2540
2522
2537
2539
2523
2536
2524
2535
2525
2533
2535
2526
2532
2527
2530
2532
2528
2529
2530
2531
2771
2532
2533
2770
2533
2534
2769
2535
2536
2768
2536
2537
2767
2538
2766
2539
2643
2765
2540
2642
2541
2637
2542
2636
2543
2615
2544
2614
2545
2609
2546
2608
2547
2555
2548
2554
2549
2550
2554
2551
2553
2552
2560
2553
2557
2559
2554
2556
2555
2556
2608
2557
2607
2558
2606
2559
2567
2605
2560
2566
2561
2562
2566
2563
2565
2564
2572
2565
2569
2571
2566
2568
2567
2568
2604
2569
2603
2570
2602
2571
2579
2601
2572
2578
2573
2574
2578
2575
2577
2576
2584
2577
2581
2583
2578
2580
2579
2580
2600
2581
2599
2582
2598
2583
2591
2597
2584
2590
2585
2586
2590
2587
2589
2588
2724
2589
2593
2723
2590
2592
2591
2592
2596
2593
2595
2594
2722
2595
2679
2721
2596
2678
2597
2677
2598
2676
2599
2667
2600
2666
2601
2665
2602
2664
2603
2623
2604
2622
2605
2621
2606
2620
2607
2611
2608
2610
2609
2610
2614
2611
2613
2612
2620
2613
2617
2619
2614
2616
2615
2616
2636
2617
2635
2618
2634
2619
2627
2633
2620
2626
2621
2622
2626
2623
2625
2624
2664
2625
2629
2663
2626
2628
2627
2628
2632
2629
2631
2630
2662
2631
2651
2661
2632
2650
2633
2649
2634
2648
2635
2639
2636
2638
2637
2638
2642
2639
2641
2640
2648
2641
2645
2647
2642
2644
2643
2644
2764
2645
2763
2646
2762
2647
2655
2761
2648
2654
2649
2650
2654
2651
2653
2652
2660
2653
2657
2659
2654
2656
2655
2656
2760
2657
2759
2658
2758
2659
2699
2757
2660
2698
2661
2693
2662
2692
2663
2671
2664
2670
2665
2666
2670
2667
2669
2668
2676
2669
2673
2675
2670
2672
2671
2672
2692
2673
2691
2674
2690
2675
2683
2689
2676
2682
2677
2678
2682
2679
2681
2680
2720
2681
2685
2719
2682
2684
2683
2684
2688
2685
2687
2686
2718
2687
2707
2717
2688
2706
2689
2705
2690
2704
2691
2695
2692
2694
2693
2694
2698
2695
2697
2696
2704
2697
2701
2703
2698
2700
2699
2700
2756
2701
2755
2702
2754
2703
2711
2753
2704
2710
2705
2706
2710
2707
2709
2708
2716
2709
2713
2715
2710
2712
2711
2712
2752
2713
2751
2714
2750
2715
2745
2749
2716
2744
2717
2741
2718
2740
2719
2737
2720
2736
2721
2733
2722
2732
2723
2729
2724
2728
2725
2726
2728
2727
2728
2730
2729
2730
2732
2731
2732
2734
2733
2734
2736
2735
2736
2738
2737
2738
2740
2739
2740
2742
2741
2742
2744
2743
2744
2746
2745
2746
2748
2747
2748
3082
2749
3081
2750
3080
2751
2975
2752
2974
2753
2973
2754
2972
2755
2963
2756
2962
2757
2961
2758
2960
2759
2919
2760
2918
2761
2917
2762
2916
2763
2907
2764
2906
2765
2905
2766
2904
2767
2870
2768
2868
2869
2769
2868
2770
2773
2775
2771
2773
2772
2773
2774
2775
2776
2776
2778
2868
2777
2778
2779
2779
2781
2867
2780
2781
2782
2782
2784
2866
2783
2784
2785
2785
2787
2865
2786
2787
2788
2788
2790
2864
2789
2790
2791
2791
2793
2863
2792
2793
2794
2794
2796
2862
2795
2796
2797
2797
2799
2861
2798
2799
2800
2800
2802
2860
2801
2802
2803
2803
2805
2859
2804
2805
2806
2806
2808
2858
2807
2808
2809
2809
2811
2857
2810
2811
2812
2812
2814
2856
2813
2814
2815
2815
2817
2855
2816
2817
2818
2818
2820
2854
2819
2820
2821
2821
2823
2853
2822
2823
2824
2824
2826
2852
2825
2826
2827
2827
2829
2851
2828
2829
2830
2830
2832
2850
2831
2832
2833
2833
2835
2849
2834
2835
2836
2836
2838
2848
2837
2838
2839
2839
2841
2847
2840
2841
2842
2842
2844
2845
2846
2843
2844
2845
2847
2893
2848
2889
2849
2888
2850
2888
2851
2885
2852
2885
2853
2884
2854
2884
2855
2881
2856
2881
2857
2880
2858
2880
2859
2877
2860
2877
2861
2876
2862
2876
2863
2873
2864
2873
2865
2872
2866
2872
2867
2869
2868
2869
2870
2872
2871
2904
2872
2874
2903
2873
2874
2876
2875
2902
2876
2878
2901
2877
2878
2880
2879
2900
2880
2882
2899
2881
2882
2884
2883
2898
2884
2886
2897
2885
2886
2888
2887
2896
2888
2891
2895
2889
2890
2890
2893
2891
2892
2892
2894
2893
2895
3031
2896
3030
2897
3025
2898
3024
2899
2939
2900
2938
2901
2933
2902
2932
2903
2911
2904
2910
2905
2906
2910
2907
2909
2908
2916
2909
2913
2915
2910
2912
2911
2912
2932
2913
2931
2914
2930
2915
2923
2929
2916
2922
2917
2918
2922
2919
2921
2920
2960
2921
2925
2959
2922
2924
2923
2924
2928
2925
2927
2926
2958
2927
2947
2957
2928
2946
2929
2945
2930
2944
2931
2935
2932
2934
2933
2934
2938
2935
2937
2936
2944
2937
2941
2943
2938
2940
2939
2940
3024
2941
3023
2942
3022
2943
2951
3021
2944
2950
2945
2946
2950
2947
2949
2948
2956
2949
2953
2955
2950
2952
2951
2952
3020
2953
3019
2954
3018
2955
2995
3017
2956
2994
2957
2989
2958
2988
2959
2967
2960
2966
2961
2962
2966
2963
2965
2964
2972
2965
2969
2971
2966
2968
2967
2968
2988
2969
2987
2970
2986
2971
2979
2985
2972
2978
2973
2974
2978
2975
2977
2976
3080
2977
2981
3079
2978
2980
2979
2980
2984
2981
2983
2982
3078
2983
3003
3077
2984
3002
2985
3001
2986
3000
2987
2991
2988
2990
2989
2990
2994
2991
2993
2992
3000
2993
2997
2999
2994
2996
2995
2996
3016
2997
3015
2998
3014
2999
3007
3013
3000
3006
3001
3002
3006
3003
3005
3004
3076
3005
3009
3075
3006
3008
3007
3008
3012
3009
3011
3010
3074
3011
3063
3073
3012
3062
3013
3061
3014
3060
3015
3051
3016
3050
3017
3049
3018
3048
3019
3039
3020
3038
3021
3037
3022
3036
3023
3027
3024
3026
3025
3026
3030
3027
3029
3028
3036
3029
3033
3035
3030
3032
3031
3032
3033
3034
3035
3043
3036
3042
3037
3038
3042
3039
3041
3040
3048
3041
3045
3047
3042
3044
3043
3044
3045
3046
3047
3055
3048
3054
3049
3050
3054
3051
3053
3052
3060
3053
3057
3059
3054
3056
3055
3056
3057
3058
3059
3067
3060
3066
3061
3062
3066
3063
3065
3064
3072
3065
3069
3071
3066
3068
3067
3068
3069
3070
3071
3101
3072
3100
3073
3097
3074
3096
3075
3093
3076
3092
3077
3089
3078
3088
3079
3085
3080
3084
3081
3082
3084
3083
3084
3086
3085
3086
3088
3087
3088
3090
3089
3090
3092
3091
3092
3094
3093
3094
3096
3095
3096
3098
3097
3098
3100
3099
3100
3102
3101
3102
3104
3105
3106
3107
3108
3109
3110
3111
3112
3113
3114
3115
3116
3117
3118
3119
3120
3121
3122
3123
3124
3125
-1
-1
-1
-1
-1
-1
-1
-1
-1
-1
-1
-1
-1
-1
-1
-1
-1
-1
-1
-1
-1
-1
-1
-1
-1
-1
-1
-1
-1
-1
-1
-1
-1
-1
-1
-1
-1
-1
-1
-1
-1
-1
-1
-1
-1
-1
-1
-1
-1
-1
-1
-1
-1
-1
-1
-1
-1
-1
-1
-1
-1
-1
-1
-1
-1
-1
-1
-1
-1
-1
-1
-1
-1
-1
-1
-1
-1
-1
-1
-1
-1
-1
-1
-1
-1
-1
-1
-1
-1
-1
-1
-1
-1
-1
-1
-1
-1
-1
-1
-1
-1
-1
-1
-1
-1
-1
-1
-1
-1
-1
-1
-1
-1
-1
-1
-1
-1
-1
-1
-1
-1
-1
-1
-1
-1
-1
-1
-1
-1
-1
-1
-1
-1
-1
-1
-1
-1
-1
-1
-1
-1
-1
-1
-1
-1
-1
-1
-1
-1
-1
-1
-1
-1
-1
-1
-1
-1
-1
-1
-1
-1
-1
-1
-1
-1
-1
-1
-1
-1
-1
-1
-1
-1
-1
-1
-1
-1
-1
-1
-1
-1
-1
-1
-1
-1
-1
-1
-1
-1
-1
-1
-1
-1
-1
-1
-1
-1
-1
-1
-1
-1
-1
-1
-1
-1
-1
-1
-1
-1
-1
-1
-1
-1
-1
-1
-1
-1
-1
-1
-1
-1
-1
-1
-1
-1
-1
-1
-1
-1
-1
-1
-1
-1
-1
-1
-1
-1
-1
-1
-1
-1
-1
-1
-1
-1
-1
-1
-1
-1
-1
-1
-1
-1
-1
-1
-1
-1
-1
-1
-1
-1
-1
-1
-1
-1
-1
-1
-1
-1
-1
-1
-1
-1
-1
-1
-1
-1
-1
-1
-1
-1
-1
-1
-1
-1
-1
-1
-1
-1
-1
-1
-1
-1
-1
-1
-1
-1
-1
-1
-1
-1
-1
-1
-1
-1
-1
-1
-1
-1
-1
-1
-1
-1
-1
-1
-1
-1
-1
-1
-1
-1
-1
-1
-1
-1
-1
-1
-1
-1
-1
-1
-1
-1
-1
-1
-1
-1
-1
-1
-1
-1
-1
-1
-1
-1
-1
-1
-1
-1
-1
-1
-1
-1
-1
-1
-1
-1
-1
-1
-1
-1
-1
-1
-1
-1
-1
-1
-1
-1
-1
-1
-1
-1
-1
-1
-1
-1
-1
-1
-1
-1
-1
-1
-1
-1
-1
-1
-1
-1
-1
-1
-1
-1
-1
-1
-1
-1
-1
-1
-1
-1
-1
-1
-1
-1
-1
-1
-1
-1
-1
-1
-1
-1
-1
-1
-1
-1
-1
-1
-1
-1
-1
-1
-1
-1
-1
-1
-1
-1
-1
-1
-1
-1
-1
-1
-1
-1
-1
-1
-1
-1
-1
-1
-1
-1
-1
-1
-1
-1
-1
-1
-1
-1
-1
-1
-1
-1
-1
-1
-1
-1
-1
-1
-1
-1
-1
-1
-1
-1
-1
-1
-1
-1
-1
-1
-1
-1
-1
-1
-1
-1
-1
-1
-1
-1
-1
-1
-1
-1
-1
-1
-1
-1
-1
-1
-1
-1
-1
-1
-1
-1
-1
-1
-1
-1
-1
-1
-1
-1
-1
-1
-1
-1
-1
-1
-1
-1
-1
-1
-1
-1
-1
-1
-1
-1
-1
-1
-1
-1
-1
-1
-1
-1
-1
-1
-1
-1
-1
-1
-1
-1
-1
-1
-1
-1
-1
-1
-1
-1
-1
-1
-1
-1
-1
-1
-1
-1
-1
-1
-1
-1
-1
-1
-1
-1
-1
-1
-1
-1
-1
-1
-1
-1
-1
-1
-1
-1
-1
-1
-1
-1
-1
-1
-1
-1
-1
-1
-1
-1
-1
-1
-1
-1
-1
-1
-1
-1
-1
-1
-1
-1
-1
-1
-1
-1
-1
-1
-1
-1
-1
-1
-1
-1
-1
-1
-1
-1
-1
-1
-1
-1
-1
-1
-1
-1
-1
-1
-1
-1
-1
-1
-1
-1
-1
-1
-1
-1
-1
-1
-1
-1
-1
-1
-1
-1
-1
-1
-1
-1
-1
-1
-1
-1
-1
-1
-1
-1
-1
-1
-1
-1
-1
-1
-1
-1
-1
-1
-1
-1
-1
-1
-1
-1
-1
-1
-1
-1
-1
-1
-1
-1
-1
-1
-1
-1
-1
-1
-1
-1
-1
-1
-1
-1
-1
-1
-1
-1
-1
-1
-1
-1
-1
-1
-1
-1
-1
-1
-1
-1
-1
-1
-1
-1
-1
-1
-1
-1
-1
-1
-1
-1
-1
-1
-1
-1
-1
-1
-1
-1
-1
-1
-1
-1
-1
-1
-1
-1
-1
-1
-1
-1
-1
-1
-1
-1
-1
-1
-1
-1
-1
-1
-1
-1
-1
-1
-1
-1
-1
-1
-1
-1
-1
-1
-1
-1
-1
-1
-1
-1
-1
-1
-1
-1
-1
-1
-1
-1
-1
-1
-1
-1
-1
-1
-1
-1
-1
-1
-1
-1
-1
-1
-1
-1
-1
-1
-1
-1
-1
-1
-1
-1
-1
-1
-1
-1
-1
-1
-1
-1
-1
-1
-1
-1
-1
-1
-1
-1
-1
-1
-1
-1
-1
-1
-1
-1
-1
-1
-1
-1
-1
-1
-1
-1
-1
-1
-1
-1
-1
-1
-1
-1
-1
-1
-1
-1
-1
-1
-1
-1
-1
-1
-1
-1
-1
-1
-1
-1
-1
-1
-1
-1
-1
-1
-1
-1
-1
-1
-1
-1
-1
-1
-1
-1
-1
-1
-1
-1
-1
-1
-1
-1
-1
-1
-1
-1
-1
-1
-1
-1
-1
-1
-1
-1
-1
-1
-1
-1
-1
-1
-1
-1
-1
-1
-1
-1
-1
-1
-1
-1
-1
-1
-1
-1
-1
-1
-1
-1
-1
-1
-1
-1
-1
-1
-1
-1
-1
-1
-1
-1
-1
-1
-1
-1
-1
-1
-1
-1
-1
-1
-1
-1
-1
-1
-1
-1
-1
-1
-1
-1
-1
-1
-1
-1
-1
-1
-1
-1
-1
-1
-1
-1
-1
-1
-1
-1
-1
-1
-1
-1
-1
-1
-1
-1
-1
-1
-1
-1
-1
-1
-1
-1
-1
-1
-1
-1
-1
-1
-1
-1
-1
-1
-1
-1
-1
-1
-1
-1
-1
-1
-1
-1
-1
-1
-1
-1
-1
-1
-1
-1
-1
-1
-1
-1
-1
-1
-1
-1
-1
-1
-1
-1
-1
-1
-1
-1
-1
-1
-1
-1
-1
-1
-1
-1
-1
-1
-1
-1
-1
-1
-1
-1
-1
-1
-1
-1
-1
-1
-1
-1
-1
-1
-1
-1
-1
-1
-1
-1
-1
-1
-1
-1
-1
-1
-1
-1
-1
-1
-1
-1
-1
-1
-1
-1
-1
-1
-1
-1
-1
-1
-1
-1
-1
-1
-1
-1
-1
-1
-1
-1
-1
-1
-1
-1
-1
-1
-1
-1
-1
-1
-1
-1
-1
-1
-1
-1
-1
-1
-1
-1
-1
-1
-1
-1
-1
-1
-1
-1
-1
-1
-1
-1
-1
-1
-1
-1
-1
-1
-1
-1
-1
-1
-1
-1
-1
-1
-1
-1
-1
-1
-1
-1
-1
-1
-1
-1
-1
-1
-1
-1
-1
-1
-1
-1
-1
-1
-1
-1
-1
-1
-1
-1
-1
-1
-1
-1
-1
-1
-1
-1
-1
-1
-1
-1
-1
-1
-1
-1
-1
-1
-1
-1
-1
-1
-1
-1
-1
-1
-1
-1
-1
-1
-1
-1
-1
-1
-1
-1
-1
-1
-1
-1
-1
-1
-1
-1
-1
-1
-1
-1
-1
-1
-1
-1
-1
-1
-1
-1
-1
-1
-1
-1
-1
-1
-1
-1
-1
-1
-1
-1
-1
-1
-1
-1
-1
-1
-1
-1
-1
-1
-1
-1
-1
-1
-1
-1
-1
-1
-1
-1
-1
-1
-1
-1
-1
-1
-1
-1
-1
-1
-1
-1
-1
-1
-1
-1
-1
-1
-1
-1
-1
-1
-1
-1
-1
-1
-1
-1
-1
-1
-1
-1
-1
-1
-1
-1
-1
-1
-1
-1
-1
-1
-1
-1
-1
-1
-1
-1
-1
-1
-1
-1
-1
-1
-1
-1
-1
-1
-1
-1
-1
-1
-1
-1
-1
-1
-1
-1
-1
-1
-1
-1
-1
-1
-1
-1
-1
-1
-1
-1
-1
-1
-1
-1
-1
-1
-1
-1
-1
-1
-1
-1
-1
-1
-1
-1
-1
-1
-1
-1
-1
-1
-1
-1
-1
-1
-1
-1
-1
-1
-1
-1
-1
-1
-1
-1
-1
-1
-1
-1
-1
-1
-1
-1
-1
-1
-1
-1
-1
-1
-1
-1
-1
-1
-1
-1
-1
-1
-1
-1
-1
-1
-1
-1
-1
-1
-1
-1
-1
-1
-1
-1
-1
-1
-1
-1
-1
-1
-1
-1
-1
-1
-1
-1
-1
-1
-1
-1
-1
-1
-1
-1
-1
-1
-1
-1
-1
-1
-1
-1
-1
-1
-1
-1
-1
-1
-1
-1
-1
-1
-1
-1
-1
-1
-1
-1
-1
-1
-1
-1
-1
-1
-1
-1
-1
-1
-1
-1
-1
-1
-1
-1
-1
-1
-1
-1
-1
-1
-1
-1
-1
-1
-1
-1
-1
-1
-1
-1
-1
-1
-1
-1
-1
-1
-1
-1
-1
-1
-1
-1
-1
-1
-1
-1
-1
-1
-1
-1
-1
-1
-1
-1
-1
-1
-1
-1
-1
-1
-1
-1
-1
-1
-1
-1
-1
-1
-1
-1
-1
-1
-1
-1
-1
-1
-1
-1
-1
-1
-1
-1
-1
-1
-1
-1
-1
-1
-1
-1
-1
-1
-1
-1
-1
-1
-1
-1
-1
-1
-1
-1
-1
-1
-1
-1
-1
-1
-1
-1
-1
-1
-1
-1
-1
-1
-1
-1
-1
-1
-1
-1
-1
-1
-1
-1
-1
-1
-1
-1
-1
-1
-1
-1
-1
-1
-1
-1
-1
-1
-1
-1
-1
-1
-1
-1
-1
-1
-1
-1
-1
-1
-1
-1
-1
-1
-1
-1
-1
-1
-1
-1
-1
-1
-1
-1
-1
-1
-1
-1
-1
-1
-1
-1
-1
-1
-1
-1
-1
-1
-1
-1
-1
-1
-1
-1
-1
-1
-1
-1
-1
-1
-1
-1
-1
-1
-1
-1
-1
-1
-1
-1
-1
-1
-1
-1
-1
-1
-1
-1
-1
-1
-1
-1
-1
-1
-1
-1
-1
-1
-1
-1
-1
-1
-1
-1
-1
-1
-1
-1
-1
-1
-1
-1
-1
-1
-1
-1
-1
-1
-1
-1
-1
-1
-1
-1
-1
-1
-1
-1
-1
-1
-1
-1
-1
-1
-1
-1
-1
-1
-1
-1
-1
-1
-1
-1
-1
-1
-1
-1
-1
-1
-1
-1
-1
-1
-1
-1
-1
-1
-1
-1
-1
-1
-1
-1
-1
-1
-1
-1
-1
-1
-1
-1
-1
-1
-1
-1
-1
-1
-1
-1
-1
-1
-1
-1
-1
-1
-1
-1
-1
-1
-1
-1
-1
-1
-1
-1
-1
-1
-1
-1
-1
-1
-1
-1
-1
-1
-1
-1
-1
-1
-1
-1
-1
-1
-1
-1
-1
-1
-1
-1
-1
-1
-1
-1
-1
-1
-1
-1
-1
-1
-1
-1
-1
-1
-1
-1
-1
-1
-1
-1
-1
-1
-1
-1
-1
-1
-1
-1
-1
-1
-1
-1
-1
-1
-1
-1
-1
-1
-1
-1
-1
-1
-1
-1
-1
-1
-1
-1
-1
-1
-1
-1
-1
-1
-1
-1
-1
-1
-1
-1
-1
-1
-1
-1
-1
-1
-1
-1
-1
-1
-1
-1
-1
-1
-1
-1
-1
-1
-1
-1
-1
-1
-1
-1
-1
-1
-1
-1
-1
-1
-1
-1
-1
-1
-1
-1
-1
-1
-1
-1
-1
-1
-1
-1
-1
-1
-1
-1
-1
-1
-1
-1
-1
-1
-1
-1
-1
-1
-1
-1
-1
-1
-1
-1
-1
-1
-1
-1
-1
-1
-1
-1
-1
-1
-1
-1
-1
-1
-1
-1
-1
-1
-1
-1
-1
-1
-1
-1
-1
-1
-1
-1
-1
-1
-1
-1
-1
-1
-1
-1
-1
-1
-1
-1
-1
-1
-1
-1
-1
-1
-1
-1
-1
-1
-1
-1
-1
-1
-1
-1
-1
-1
-1
-1
-1
-1
-1
-1
-1
-1
-1
-1
-1
-1
-1
-1
-1
-1
-1
-1
-1
-1
-1
-1
-1
-1
-1
-1
-1
-1
-1
-1
-1
-1
-1
-1
-1
-1
-1
-1
-1
-1
-1
-1
-1
-1
-1
-1
-1
-1
-1
-1
-1
-1
-1
-1
-1
-1
-1
-1
-1
-1
-1
-1
-1
-1
-1
-1
-1
-1
-1
-1
-1
-1
-1
-1
-1
-1
-1
-1
-1
-1
-1
-1
-1
-1
-1
-1
-1
-1
-1
-1
-1
-1
-1
-1
-1
-1
-1
-1
-1
-1
-1
-1
-1
-1
-1
-1
-1
-1
-1
-1
-1
-1
-1
-1
-1
-1
-1
-1
-1
-1
-1
-1
-1
-1
-1
-1
-1
-1
-1
-1
-1
-1
-1
-1
-1
-1
-1
-1
-1
-1
-1
-1
-1
-1
-1
-1
-1
-1
-1
-1
-1
-1
-1
-1
-1
-1
-1
-1
-1
-1
-1
-1
-1
-1
-1
-1
-1
-1
-1
-1
-1
-1
-1
-1
-1
-1
-1
-1
-1
-1
-1
-1
-1
-1
-1
-1
-1
-1
-1
-1
-1
-1
-1
-1
-1
-1
-1
-1
-1
-1
-1
-1
-1
-1
-1
-1
-1
-1
-1
-1
-1
-1
-1
-1
-1
-1
-1
-1
-1
-1
-1
-1
-1
-1
-1
-1
-1
-1
-1
-1
-1
-1
-1
-1
-1
-1
-1
-1
-1
-1
-1
-1
-1
-1
-1
-1
-1
-1
-1
-1
-1
-1
-1
-1
-1
-1
-1
-1
-1
-1
-1
-1
-1
-1
-1
-1
-1
-1
-1
-1
-1
-1
-1
-1
-1
-1
-1
-1
-1
-1
-1
-1
-1
-1
-1
-1
-1
-1
-1
-1
-1
-1
-1
-1
-1
-1
-1
-1
-1
-1
-1
-1
-1
-1
-1
-1
-1
-1
-1
-1
-1
-1
-1
-1
-1
-1
-1
-1
-1
-1
-1
-1
-1
-1
-1
-1
-1
-1
-1
-1
-1
-1
-1
-1
-1
-1
-1
-1
-1
-1
-1
-1
-1
-1
-1
-1
-1
-1
-1
-1
-1
-1
-1
-1
-1
-1
-1
-1
-1
-1
-1
-1
-1
-1
-1
-1
-1
-1
-1
-1
-1
-1
-1
-1
-1
-1
-1
-1
-1
-1
-1
-1
-1
-1
-1
-1
-1
-1
-1
-1
-1
-1
-1
-1
-1
-1
-1
-1
-1
-1
-1
-1
-1
-1
-1
-1
-1
-1
-1
-1
-1
-1
-1
-1
-1
-1
-1
-1
-1
-1
-1
-1
-1
-1
-1
-1
-1
-1
-1
-1
-1
-1
-1
-1
-1
-1
-1
-1
-1
-1
-1
-1
-1
-1
-1
-1
-1
-1
-1
-1
-1
-1
-1
-1
-1
-1
-1
-1
-1
-1
-1
-1
-1
-1
-1
-1
-1
-1
-1
-1
-1
-1
-1
-1
-1
-1
-1
-1
-1
-1
-1
-1
-1
-1
-1
-1
-1
-1
-1
-1
-1
-1
-1
-1
-1
-1
-1
-1
-1
-1
-1
-1
-1
-1
-1
-1
-1
-1
-1
-1
-1
-1
-1
-1
-1
-1
-1
-1
-1
-1
-1
-1
-1
-1
-1
-1
-1
-1
-1
-1
-1
-1
-1
-1
-1
-1
-1
-1
-1
-1
-1
-1
-1
-1
-1
-1
-1
-1
-1
-1
-1
-1
-1
-1
-1
-1
-1
-1
-1
-1
-1
-1
-1
-1
-1
-1
-1
-1
-1
-1
-1
-1
-1
-1
-1
-1
-1
-1
-1
-1
-1
-1
-1
-1
-1
-1
-1
-1
-1
-1
-1
-1
-1
-1
-1
-1
-1
-1
-1
-1
-1
-1
-1
-1
-1
-1
-1
-1
-1
-1
-1
-1
-1
-1
-1
-1
-1
-1
-1
-1
-1
-1
-1
-1
-1
-1
-1
-1
-1
-1
-1
-1
-1
-1
-1
-1
-1
-1
-1
-1
-1
-1
-1
-1
-1
-1
-1
-1
-1
-1
-1
-1
-1
-1
-1
-1
-1
-1
-1
-1
-1
-1
-1
-1
-1
-1
-1
-1
-1
-1
-1
-1
-1
-1
-1
-1
-1
-1
-1
-1
-1
-1
-1
-1
-1
-1
-1
-1
-1
-1
-1
-1
-1
-1
-1
-1
-1
-1
-1
-1
-1
-1
-1
-1
-1
-1
-1
-1
-1
-1
-1
-1
-1
-1
-1
-1
-1
-1
-1
-1
-1
-1
-1
-1
-1
-1
-1
-1
-1
-1
-1
-1
-1
-1
-1
-1
-1
-1
-1
-1
-1
-1
-1
-1
-1
-1
-1
-1
-1
-1
-1
-1
-1
-1
-1
-1
-1
-1
-1
-1
-1
-1
-1
-1
-1
-1
-1
-1
-1
-1
-1
-1
-1
-1
-1
-1
-1
-1
-1
-1
-1
-1
-1
-1
-1
-1
-1
-1
-1
-1
-1
-1
-1
-1
-1
-1
-1
-1
-1
-1
-1
-1
-1
-1
-1
-1
-1
-1
-1
-1
-1
-1
-1
-1
-1
-1
-1
-1
-1
-1
-1
-1
-1
-1
-1
-1
-1
-1
-1
-1
-1
-1
-1
-1
-1
-1
-1
-1
-1
-1
-1
-1
-1
-1
-1
-1
-1
-1
-1
-1
-1
-1
-1
-1
-1
-1
-1
-1
-1
-1
-1
-1
-1
-1
-1
-1
-1
-1
-1
-1
-1
-1
-1
-1
-1
-1
-1
-1
-1
-1
-1
-1
-1
-1
-1
-1
-1
-1
-1
-1
-1
-1
-1
-1
-1
-1
-1
-1
-1
-1
-1
-1
-1
-1
-1
-1
-1
-1
-1
-1
-1
-1
-1
-1
-1
-1
-1
-1
-1
-1
-1
-1
-1
-1
-1
-1
-1
-1
-1
-1
-1
-1
-1
-1
-1
-1
-1
-1
-1
-1
-1
-1
-1
-1
-1
-1
-1
-1
-1
-1
-1
-1
-1
-1
-1
-1
-1
-1
-1
-1
-1
-1
-1
-1
-1
-1
-1
-1
-1
-1
-1
-1
-1
-1
-1
-1
-1
-1
-1
-1
-1
-1
-1
-1
-1
-1
-1
-1
-1
-1
-1
-1
-1
-1
-1
-1
-1
-1
-1
-1
-1
-1
-1
-1
-1
-1
-1
-1
-1
-1
-1
-1
-1
-1
-1
-1
-1
-1
-1
-1
-1
-1
-1
-1
-1
-1
-1
-1
-1
-1
-1
-1
-1
-1
-1
-1
-1
-1
-1
-1
-1
-1
-1
-1
-1
-1
-1
-1
-1
-1
-1
-1
-1
-1
-1
-1
-1
-1
-1
-1
-1
-1
-1
-1
-1
-1
-1
-1
-1
-1
-1
-1
-1
-1
-1
-1
-1
-1
-1
-1
-1
-1
-1
-1
-1
-1
-1
-1
-1
-1
-1
-1
-1
-1
-1
-1
-1
-1
-1
-1
-1
-1
-1
-1
-1
-1
-1
-1
-1
-1
-1
-1
-1
-1
-1
-1
-1
-1
-1
-1
-1
-1
-1
-1
-1
-1
-1
-1
-1
-1
-1
-1
-1
-1
-1
-1
-1
-1
-1
-1
-1
-1
-1
-1
-1
-1
-1
-1
-1
-1
-1
-1
-1
-1
-1
-1
-1
-1
-1
-1
-1
-1
-1
-1
-1
-1
-1
-1
-1
-1
-1
-1
-1
-1
-1
-1
-1
-1
-1
-1
-1
-1
-1
-1
-1
-1
-1
-1
-1
-1
-1
-1
-1
-1
-1
-1
-1
-1
-1
-1
-1
-1
-1
-1
-1
-1
-1
-1
-1
-1
-1
-1
-1
-1
-1
-1
-1
-1
-1
-1
-1
-1
-1
-1
-1
-1
-1
-1
-1
-1
-1
-1
-1
-1
-1
-1
-1
-1
-1
-1
-1
-1
-1
-1
-1
-1
-1
-1
-1
-1
-1
-1
-1
-1
-1
-1
-1
-1
-1
-1
-1
-1
-1
-1
-1
-1
-1
-1
-1
-1
-1
-1
-1
-1
-1
-1
-1
-1
-1
-1
-1
-1
-1
-1
-1
-1
-1
-1
-1
-1
-1
-1
-1
-1
-1
-1
-1
-1
-1
-1
-1
-1
-1
-1
-1
-1
-1
-1
-1
-1
-1
-1
-1
-1
-1
-1
-1
-1
-1
-1
-1
-1
-1
-1
-1
-1
-1
-1
-1
-1
-1
-1
-1
-1
-1
-1
-1
-1
-1
-1
-1
-1
-1
-1
-1
-1
-1
-1
-1
-1
-1
-1
-1
-1
-1
-1
-1
-1
-1
-1
-1
-1
-1
-1
-1
-1
-1
-1
-1
-1
-1
-1
-1
-1
-1
-1
-1
-1
-1
-1
-1
-1
-1
-1
-1
-1
-1
-1
-1
-1
-1
-1
-1
-1
-1
-1
-1
-1
-1
-1
-1
-1
-1
-1
-1
-1
-1
-1
-1
-1
-1
-1
-1
-1
-1
-1
-1
-1
-1
-1
-1
-1
-1
-1
-1
-1
-1
-1
-1
-1
-1
-1
-1
-1
-1
-1
-1
-1
-1
-1
-1
-1
-1
-1
-1
-1
-1
-1
-1
-1
-1
-1
-1
-1
-1
-1
-1
-1
-1
-1
-1
-1
-1
-1
-1
-1
-1
-1
-1
-1
-1
-1
-1
-1
-1
-1
-1
-1
-1
-1
-1
-1
-1
-1
-1
-1
-1
-1
-1
-1
-1
-1
-1
-1
-1
-1
-1
-1
-1
-1
-1
-1
-1
-1
-1
-1
-1
-1
-1
-1
-1
-1
-1
-1
-1
-1
-1
-1
-1
-1
-1
-1
-1
-1
-1
-1
-1
-1
-1
-1
-1
-1
-1
-1
-1
-1
-1
-1
-1
-1
-1
-1
-1
-1
-1
-1
-1
-1
-1
-1
-1
-1
-1
-1
-1
-1
-1
-1
-1
-1
-1
-1
-1
-1
-1
-1
-1
-1
-1
-1
-1
-1
-1
-1
-1
-1
-1
-1
-1
-1
-1
-1
-1
-1
-1
-1
-1
-1
-1
-1
-1
-1
-1
-1
-1
-1
-1
-1
-1
-1
-1
-1
-1
-1
-1
-1
-1
-1
-1
-1
-1
-1
-1
-1
-1
-1
-1
-1
-1
-1
-1
-1
-1
-1
-1
-1
-1
-1
-1
-1
-1
-1
-1
-1
-1
-1
-1
-1
-1
-1
-1
-1
-1
-1
-1
-1
-1
-1
-1
-1
-1
-1
-1
-1
-1
-1
-1
-1
-1
-1
-1
-1
-1
-1
-1
-1
-1
-1
-1
-1
-1
-1
-1
-1
-1
-1
-1
-1
-1
-1
-1
-1
-1
-1
-1
-1
-1
-1
-1
-1
-1
-1
-1
-1
-1
-1
-1
-1
-1
-1
-1
-1
-1
-1
-1
-1
-1
-1
-1
-1
-1
-1
-1
-1
-1
-1
-1
-1
-1
-1
-1
-1
-1
-1
-1
-1
-1
-1
-1
-1
-1
-1
-1
-1
-1
-1
-1
-1
-1
-1
-1
-1
-1
-1
-1
-1
-1
-1
-1
-1
-1
-1
-1
-1
-1
-1
-1
-1
-1
-1
-1
-1
-1
-1
-1
-1
-1
-1
-1
-1
-1
-1
-1
-1
-1
-1
-1
-1
-1
-1
-1
-1
-1
-1
-1
-1
-1
-1
-1
-1
-1
-1
-1
-1
-1
-1
-1
-1
-1
-1
-1
-1
-1
-1
-1
-1
-1
-1
-1
-1
-1
-1
-1
-1
-1
-1
-1
-1
-1
-1
-1
-1
-1
-1
-1
-1
-1
-1
-1
-1
-1
-1
-1
-1
-1
-1
-1
-1
-1
-1
-1
-1
-1
-1
-1
-1
-1
-1
-1
-1
-1
-1
-1
-1
-1
-1
-1
-1
-1
-1
-1
-1
-1
-1
-1
-1
-1
-1
-1
-1
-1
-1
-1
-1
-1
-1
-1
-1
-1
-1
-1
-1
-1
-1
-1
-1
-1
-1
-1
-1
-1
-1
-1
-1
-1
-1
-1
-1
-1
-1
-1
-1
-1
-1
-1
-1
-1
-1
-1
-1
-1
-1
-1
-1
-1
-1
-1
-1
-1
-1
-1
-1
-1
-1
-1
-1
-1
-1
-1
-1
-1
-1
-1
-1
-1
-1
-1
-1
-1
-1
-1
-1
-1
-1
-1
-1
-1
-1
-1
-1
-1
-1
-1
-1
-1
-1
-1
-1
-1
-1
-1
-1
-1
-1
-1
-1
-1
-1
-1
-1
-1
-1
-1
-1
-1
-1
-1
-1
-1
-1
-1
-1
-1
-1
-1
-1
-1
-1
-1
-1
-1
-1
-1
-1
-1
-1
-1
-1
-1
-1
-1
-1
-1
-1
-1
-1
-1
-1
-1
-1
-1
-1
-1
-1
-1
-1
-1
-1
-1
-1
-1
-1
-1
-1
-1
-1
-1
-1
-1
-1
-1
-1
-1
-1
-1
-1
-1
-1
-1
-1
-1
-1
-1
-1
-1
-1
-1
-1
-1
-1
-1
-1
-1
-1
-1
-1
-1
-1
-1
-1
-1
-1
-1
-1
-1
-1
-1
-1
-1
-1
-1
-1
-1
-1
-1
-1
-1
-1
-1
-1
-1
-1
-1
-1
-1
-1
-1
-1
-1
-1
-1
-1
-1
-1
-1
-1
-1
-1
-1
-1
-1
-1
-1
-1
-1
-1
-1
-1
-1
-1
-1
-1
-1
-1
-1
-1
-1
-1
-1
-1
-1
-1
-1
-1
-1
-1
-1
-1
-1
-1
-1
-1
-1
-1
-1
-1
-1
-1
-1
-1
-1
-1
-1
-1
-1
-1
-1
-1
-1
-1
-1
-1
-1
-1
-1
-1
-1
-1
-1
-1
-1
-1
-1
-1
-1
-1
-1
-1
-1
-1
-1
-1
-1
-1
-1
-1
-1
-1
-1
-1
-1
-1
-1
-1
-1
-1
-1
-1
-1
-1
-1
-1
-1
-1
-1
-1
-1
-1
-1
-1
-1
-1
-1
-1
-1
-1
-1
-1
-1
-1
-1
-1
-1
-1
-1
-1
-1
-1
-1
-1
-1
-1
-1
-1
-1
-1
-1
-1
-1
-1
-1
-1
-1
-1
-1
-1
-1
-1
-1
-1
-1
-1
-1
-1
-1
-1
-1
-1
-1
-1
-1
-1
-1
-1
-1
-1
-1
-1
-1
-1
-1
-1
-1
-1
-1
-1
-1
-1
-1
-1
-1
-1
-1
-1
-1
-1
-1
-1
-1
-1
-1
-1
-1
-1
-1
-1
-1
-1
-1
-1
-1
-1
-1
-1
-1
-1
-1
-1
-1
-1
-1
-1
-1
-1
-1
-1
-1
-1
-1
-1
-1
-1
-1
-1
-1
-1
-1
-1
-1
-1
-1
-1
-1
-1
-1
-1
-1
-1
-1
-1
-1
-1
-1
-1
-1
-1
-1
-1
-1
-1
-1
-1
-1
-1
-1
-1
-1
-1
-1
-1
-1
-1
-1
-1
-1
-1
-1
-1
-1
-1
-1
-1
-1
-1
-1
-1
-1
-1
-1
-1
-1
-1
-1
-1
-1
-1
-1
-1
-1
-1
-1
-1
-1
-1
-1
-1
-1
-1
-1
-1
-1
-1
-1
-1
-1
-1
-1
-1
-1
-1
-1
-1
-1
-1
-1
-1
-1
-1
-1
-1
-1
-1
-1
-1
-1
-1
-1
-1
-1
-1
-1
-1
-1
-1
-1
-1
-1
-1
-1
-1
-1
-1
-1
-1
-1
-1
-1
-1
-1
-1
-1
-1
-1
-1
-1
-1
-1
-1
-1
-1
-1
-1
-1
-1
-1
-1
-1
-1
-1
-1
-1
-1
-1
-1
-1
-1
-1
-1
-1
-1
-1
-1
-1
-1
-1
-1
-1
-1
-1
-1
-1
-1
-1
-1
-1
-1
-1
-1
-1
-1
-1
-1
-1
-1
-1
-1
-1
-1
-1
-1
-1
-1
-1
-1
-1
-1
-1
-1
-1
-1
-1
-1
-1
-1
-1
-1
-1
-1
-1
-1
-1
-1
-1
-1
-1
-1
-1
-1
-1
-1
-1
-1
-1
-1
-1
-1
-1
-1
-1
-1
-1
-1
-1
-1
-1
-1
-1
-1
-1
-1
-1
-1
-1
-1
-1
-1
-1
-1
-1
-1
-1
-1
-1
-1
-1
-1
-1
-1
-1
-1
-1
-1
-1
-1
-1
-1
-1
-1
-1
-1
-1
-1
-1
-1
-1
-1
-1
-1
-1
-1
-1
-1
-1
-1
-1
-1
-1
-1
-1
-1
-1
-1
-1
-1
-1
-1
-1
-1
-1
-1
-1
-1
-1
-1
-1
-1
-1
-1
-1
-1
-1
-1
-1
-1
-1
-1
-1
-1
-1
-1
-1
-1
-1
-1
-1
-1
-1
-1
-1
-1
-1
-1
-1
-1
-1
-1
-1
-1
-1
-1
-1
-1
-1
-1
-1
-1
-1
-1
-1
-1
-1
-1
-1
-1
-1
-1
-1
-1
-1
-1
-1
-1
-1
-1
-1
-1
-1
-1
-1
-1
-1
-1
-1
-1
-1
-1
-1
-1
-1
-1
-1
-1
-1
-1
-1
-1
-1
-1
-1
-1
-1
-1
-1
-1
-1
-1
-1
-1
-1
-1
-1
-1
-1
-1
-1
-1
-1
-1
-1
-1
-1
-1
-1
-1
-1
-1
-1
-1
-1
-1
-1
-1
-1
-1
-1
-1
-1
-1
-1
-1
-1
-1
-1
-1
-1
-1
-1
-1
-1
-1
-1
-1
-1
-1
-1
-1
-1
-1
-1
-1
-1
-1
-1
-1
-1
-1
-1
-1
-1
-1
-1
-1
-1
-1
-1
-1
-1
-1
-1
-1
-1
-1
-1
-1
-1
-1
-1
-1
-1
-1
-1
-1
-1
-1
-1
-1
-1
-1
-1
-1
-1
-1
-1
-1
-1
-1
-1
-1
-1
-1
-1
-1
-1
-1
-1
-1
-1
-1
-1
-1
-1
-1
-1
-1
-1
-1
-1
-1
-1
-1
-1
-1
-1
-1
-1
-1
-1
-1
-1
-1
-1
-1
-1
-1
-1
-1
-1
-1
-1
-1
-1
-1
-1
-1
-1
-1
-1
-1
-1
-1
-1
-1
-1
-1
-1
-1
-1
-1
-1
-1
-1
-1
-1
-1
-1
-1
-1
-1
-1
-1
-1
-1
-1
-1
-1
-1
-1
-1
-1
-1
-1
-1
-1
-1
-1
-1
-1
-1
-1
-1
-1
-1
-1
-1
-1
-1
-1
-1
-1
-1
-1
-1
-1
-1
-1
-1
-1
-1
-1
-1
-1
-1
-1
-1
-1
-1
-1
-1
-1
-1
-1
-1
-1
-1
-1
-1
-1
-1
-1
-1
-1
-1
-1
-1
-1
-1
-1
-1
-1
-1
-1
-1
-1
-1
-1
-1
-1
-1
-1
-1
-1
-1
-1
-1
-1
-1
-1
-1
-1
-1
-1
-1
-1
-1
-1
-1
-1
-1
-1
-1
-1
-1
-1
-1
-1
-1
-1
-1
-1
-1
-1
-1
-1
-1
-1
-1
-1
-1
-1
-1
-1
-1
-1
-1
-1
-1
-1
-1
-1
-1
-1
-1
-1
-1
-1
-1
-1
-1
-1
-1
-1
-1
-1
-1
-1
-1
-1
-1
-1
-1
-1
-1
-1
-1
-1
-1
-1
-1
-1
-1
-1
-1
-1
-1
-1
-1
-1
-1
-1
-1
-1
-1
-1
-1
-1
-1
-1
-1
-1
-1
-1
-1
-1
-1
-1
-1
-1
-1
-1
-1
-1
-1
-1
-1
-1
-1
-1
-1
-1
-1
-1
-1
-1
-1
-1
-1
-1
-1
-1
-1
-1
-1
-1
-1
-1
-1
-1
-1
-1
-1
-1
-1
-1
-1
-1
-1
-1
-1
-1
-1
-1
-1
-1
-1
-1
-1
-1
-1
-1
-1
-1
-1
-1
-1
-1
-1
-1
-1
-1
-1
-1
-1
-1
-1
-1
-1
-1
-1
-1
-1
-1
-1
-1
-1
-1
-1
-1
-1
-1
-1
-1
-1
-1
-1
-1
-1
-1
-1
-1
-1
-1
-1
-1
-1
-1
-1
-1
-1
-1
-1
-1
-1
-1
-1
-1
-1
-1
-1
-1
-1
-1
-1
-1
-1
-1
-1
-1
-1
-1
-1
-1
-1
-1
-1
-1
-1
-1
-1
-1
-1
-1
-1
-1
-1
-1
-1
-1
-1
-1
-1
-1
-1
-1
-1
-1
-1
-1
-1
-1
-1
-1
-1
-1
-1
-1
-1
-1
-1
-1
-1
-1
-1
-1
-1
-1
-1
-1
-1
-1
-1
-1
-1
-1
-1
-1
-1
-1
-1
-1
-1
-1
-1
-1
-1
-1
-1
-1
-1
-1
-1
-1
-1
-1
-1
-1
-1
-1
-1
-1
-1
-1
-1
-1
-1
-1
-1
-1
-1
-1
-1
-1
-1
-1
-1
-1
-1
-1
-1
-1
-1
-1
-1
-1
-1
-1
-1
-1
-1
-1
-1
-1
-1
-1
-1
-1
-1
-1
-1
-1
-1
-1
-1
-1
-1
-1
-1
-1
-1
-1
-1
-1
-1
-1
-1
-1
-1
-1
-1
-1
-1
-1
-1
-1
-1
-1
-1
-1
-1
-1
-1
-1
-1
-1
-1
-1
-1
-1
-1
-1
-1
-1
-1
-1
-1
-1
-1
-1
-1
-1
-1
-1
-1
-1
-1
-1
-1
-1
-1
-1
-1
-1
-1
-1
-1
-1
-1
-1
-1
-1
-1
-1
-1
-1
-1
-1
-1
-1
-1
-1
-1
-1
-1
-1
-1
-1
-1
-1
-1
-1
-1
-1
-1
-1
-1
-1
-1
-1
-1
-1
-1
-1
-1
-1
-1
-1
-1
-1
-1
-1
-1
-1
-1
-1
-1
-1
-1
-1
-1
-1
-1
-1
-1
-1
-1
-1
-1
-1
-1
-1
-1
-1
-1
-1
-1
-1
-1
-1
-1
-1
-1
-1
-1
-1
-1
-1
-1
-1
-1
-1
-1
-1
-1
-1
-1
-1
-1
-1
-1
-1
-1
-1
-1
-1
-1
-1
-1
-1
-1
-1
-1
-1
-1
-1
-1
-1
-1
-1
-1
-1
-1
-1
-1
-1
-1
-1
-1
-1
-1
-1
-1
-1
-1
-1
-1
-1
-1
-1
-1
-1
-1
-1
-1
-1
-1
-1
-1
-1
-1
-1
-1
-1
-1
-1
-1
-1
-1
-1
-1
-1
-1
-1
-1
-1
-1
-1
-1
-1
-1
-1
-1
-1
-1
-1
-1
-1
-1
-1
-1
-1
-1
-1
-1
-1
-1
-1
-1
-1
-1
-1
-1
-1
-1
-1
-1
-1
-1
-1
-1
-1
-1
-1
-1
-1
-1
-1
-1
-1
-1
-1
-1
-1
-1
-1
-1
-1
-1
-1
-1
-1
-1
-1
-1
-1
-1
-1
-1
-1
-1
-1
-1
-1
-1
-1
-1
-1
-1
-1
-1
-1
-1
-1
-1
-1
-1
-1
-1
-1
-1
-1
-1
-1
-1
-1
-1
-1
-1
-1
-1
-1
-1
-1
-1
-1
-1
-1
-1
-1
-1
-1
-1
-1
-1
-1
-1
-1
-1
-1
-1
-1
-1
-1
-1
-1
-1
-1
-1
-1
-1
-1
-1
-1
-1
-1
-1
-1
-1
-1
-1
-1
-1
-1
-1
-1
-1
-1
-1
-1
-1
-1
-1
-1
-1
-1
-1
-1
-1
-1
-1
-1
-1
-1
-1
-1
-1
-1
-1
-1
-1
-1
-1
-1
-1
-1
-1
-1
-1
-1
-1
-1
-1
-1
-1
-1
-1
-1
-1
-1
-1
-1
-1
-1
-1
-1
-1
-1
-1
-1
-1
-1
-1
-1
-1
-1
-1
-1
-1
-1
-1
-1
-1
-1
-1
-1
-1
-1
-1
-1
-1
-1
-1
-1
-1
-1
-1
-1
-1
-1
-1
-1
-1
-1
-1
-1
-1
-1
-1
-1
-1
-1
-1
-1
-1
-1
-1
-1
-1
-1
-1
-1
-1
-1
-1
-1
-1
-1
-1
-1
-1
-1
-1
-1
-1
-1
-1
-1
-1
-1
-1
-1
-1
-1
-1
-1
-1
-1
-1
-1
-1
-1
-1
-1
-1
-1
-1
-1
-1
-1
-1
-1
-1
-1
-1
-1
-1
-1
-1
-1
-1
-1
-1
-1
-1
-1
-1
-1
-1
-1
-1
-1
-1
-1
-1
-1
-1
-1
-1
-1
-1
-1
-1
-1
-1
-1
-1
-1
-1
-1
-1
-1
-1
-1
-1
-1
-1
-1
-1
-1
-1
-1
-1
-1
-1
-1
-1
-1
-1
-1
-1
-1
-1
-1
-1
-1
-1
-1
-1
-1
-1
-1
-1
-1
-1
-1
-1
-1
-1
-1
-1
-1
-1
-1
-1
-1
-1
-1
-1
-1
-1
-1
-1
-1
-1
-1
-1
-1
-1
-1
-1
-1
-1
-1
-1
-1
-1
-1
-1
-1
-1
-1
-1
-1
-1
-1
-1
-1
-1
-1
-1
-1
-1
-1
-1
-1
-1
-1
-1
-1
-1
-1
-1
-1
-1
-1
-1
-1
-1
-1
-1
-1
-1
-1
-1
-1
-1
-1
-1
-1
-1
-1
-1
-1
-1
-1
-1
-1
-1
-1
-1
-1
-1
-1
-1
-1
-1
-1
-1
-1
-1
-1
-1
-1
-1
-1
-1
-1
-1
-1
-1
-1
-1
-1
-1
-1
-1
-1
-1
-1
-1
-1
-1
-1
-1
-1
-1
-1
-1
-1
-1
-1
-1
-1
-1
-1
-1
-1
-1
-1
-1
-1
-1
-1
-1
-1
-1
-1
-1
-1
-1
-1
-1
-1
-1
-1
-1
-1
-1
-1
-1
-1
-1
-1
-1
-1
-1
-1
-1
-1
-1
-1
-1
-1
-1
-1
-1
-1
-1
-1
-1
-1
-1
-1
-1
-1
-1
-1
-1
-1
-1
-1
-1
-1
-1
-1
-1
-1
-1
-1
-1
-1
-1
-1
-1
-1
-1
-1
-1
-1
-1
-1
-1
-1
-1
-1
-1
-1
-1
-1
-1
-1
-1
-1
-1
-1
-1
-1
-1
-1
-1
-1
-1
-1
-1
-1
-1
-1
-1
-1
-1
-1
-1
-1
-1
-1
-1
-1
-1
-1
-1
-1
-1
-1
-1
-1
-1
-1
-1
-1
-1
-1
-1
-1
-1
-1
-1
-1
-1
-1
-1
-1
-1
-1
-1
-1
-1
-1
-1
-1
-1
-1
-1
-1
-1
-1
-1
-1
-1
-1
-1
-1
-1
-1
-1
-1
-1
-1
-1
-1
-1
-1
-1
-1
-1
-1
-1
-1
-1
-1
-1
-1
-1
-1
-1
-1
-1
-1
-1
-1
-1
-1
-1
-1
-1
-1
-1
-1
-1
-1
-1
-1
-1
-1
-1
-1
-1
-1
-1
-1
-1
-1
-1
-1
-1
-1
-1
-1
-1
-1
-1
-1
-1
-1
-1
-1
-1
-1
-1
-1
-1
-1
-1
-1
-1
-1
-1
-1
-1
-1
-1
-1
-1
-1
-1
-1
-1
-1
-1
-1
-1
-1
-1
-1
-1
-1
-1
-1
-1
-1
-1
-1
-1
-1
-1
-1
-1
-1
-1
-1
-1
-1
-1
-1
-1
-1
-1
-1
-1
-1
-1
-1
-1
-1
-1
-1
-1
-1
-1
-1
-1
-1
-1
-1
-1
-1
-1
-1
-1
-1
-1
-1
-1
-1
-1
-1
-1
-1
-1
-1
-1
-1
-1
-1
-1
-1
-1
-1
-1
-1
-1
-1
-1
-1
-1
-1
-1
-1
-1
-1
-1
-1
-1
-1
-1
-1
-1
-1
-1
-1
-1
-1
-1
-1
-1
-1
-1
-1
-1
-1
-1
-1
-1
-1
-1
-1
-1
-1
-1
-1
-1
-1
-1
-1
-1
-1
-1
-1
-1
-1
-1
-1
-1
-1
-1
-1
-1
-1
-1
-1
-1
-1
-1
-1
-1
-1
-1
-1
-1
-1
-1
-1
-1
-1
-1
-1
-1
-1
-1
-1
-1
-1
-1
-1
-1
-1
-1
-1
-1
-1
-1
-1
-1
-1
-1
-1
-1
-1
-1
-1
-1
-1
-1
-1
-1
-1
-1
-1
-1
-1
-1
-1
-1
-1
-1
-1
-1
-1
-1
-1
-1
-1
-1
-1
-1
-1
-1
-1
-1
-1
-1
-1
-1
-1
-1
-1
-1
-1
-1
-1
-1
-1
-1
-1
-1
-1
-1
-1
-1
-1
-1
-1
-1
-1
-1
-1
-1
-1
-1
-1
-1
-1
-1
-1
-1
-1
-1
-1
-1
-1
-1
-1
-1
-1
-1
-1
-1
-1
-1
-1
-1
-1
-1
-1
-1
-1
-1
-1
-1
-1
-1
-1
-1
-1
-1
-1
-1
-1
-1
-1
-1
-1
-1
-1
-1
-1
-1
-1
-1
-1
-1
-1
-1
-1
-1
-1
-1
-1
-1
-1
-1
-1
-1
-1
-1
-1
-1
-1
-1
-1
-1
-1
-1
-1
-1
-1
-1
-1
-1
-1
-1
-1
-1
-1
-1
-1
-1
-1
-1
-1
-1
-1
-1
-1
-1
-1
-1
-1
-1
-1
-1
-1
-1
-1
-1
-1
-1
-1
-1
-1
-1
-1
-1
-1
-1
-1
-1
-1
-1
-1
-1
-1
-1
-1
-1
-1
-1
-1
-1
-1
)


// ************************************************************************* //
