/*--------------------------------*- C++ -*----------------------------------*\
| =========                 |                                                 |
| \\      /  F ield         | foam-extend: Open Source CFD                    |
|  \\    /   O peration     | Version:     3.2                                |
|   \\  /    A nd           | Web:         http://www.foam-extend.org         |
|    \\/     M anipulation  | For copyright notice see file Copyright         |
\*---------------------------------------------------------------------------*/
FoamFile
{
    version     2.0;
    format      ascii;
    class       labelList;
    location    "constant/polyMesh";
    object      owner;
}
// * * * * * * * * * * * * * * * * * * * * * * * * * * * * * * * * * * * * * //


12721
(
0
0
0
0
1
1
1
2
2
2
3
3
3
4
4
5
6
7
8
9
10
10
11
11
12
12
13
13
14
14
15
15
16
16
17
17
18
18
19
19
20
20
21
21
22
22
23
23
24
24
25
25
26
26
27
27
28
28
29
29
30
30
31
31
32
32
33
33
34
34
35
35
36
37
37
38
38
39
39
40
40
41
41
41
42
42
43
43
44
45
45
46
46
47
47
48
48
49
49
49
50
50
51
51
52
53
53
54
54
55
55
56
56
57
57
57
58
58
59
59
60
61
61
62
62
63
63
64
64
65
65
65
66
66
67
67
68
69
69
70
70
71
71
72
72
73
73
73
74
74
75
75
76
77
77
78
78
79
79
80
80
81
81
81
82
82
83
83
84
85
85
86
86
87
87
88
88
89
89
89
90
90
91
91
92
93
93
94
94
95
95
96
96
97
97
97
98
98
99
99
100
101
101
102
102
103
103
104
104
105
105
105
106
106
107
107
108
109
109
110
110
111
111
112
112
113
113
113
114
114
115
115
116
117
117
118
118
119
119
120
120
121
121
121
122
122
123
123
124
125
125
126
126
127
127
128
128
129
129
129
130
130
131
131
132
133
133
134
134
135
135
136
136
137
137
137
138
138
139
139
140
141
141
142
142
143
143
144
144
145
145
145
146
146
147
147
148
149
149
150
150
151
151
152
152
153
153
153
154
154
155
155
156
157
157
158
158
159
159
160
160
161
161
161
162
162
163
163
164
165
165
166
166
167
167
168
168
169
169
169
170
170
171
171
172
173
173
174
174
175
175
176
176
177
177
177
178
178
179
179
180
181
181
182
182
183
183
184
184
185
185
185
186
186
187
187
188
189
189
190
190
191
191
192
192
193
193
193
194
194
195
195
196
197
197
198
198
199
199
200
200
201
201
201
202
202
203
203
204
205
205
206
206
207
207
208
208
209
209
209
210
210
211
211
212
213
213
214
214
215
215
216
216
217
217
217
218
218
219
219
220
221
221
222
222
223
223
224
224
225
225
225
226
226
227
227
228
229
229
230
230
231
231
232
232
233
233
233
234
234
235
235
236
237
237
238
238
239
239
240
240
241
241
241
242
242
243
243
244
245
245
246
246
247
247
248
248
249
249
249
250
250
251
251
252
253
253
254
254
255
255
256
256
257
257
257
258
258
259
259
260
261
261
262
262
263
263
264
264
265
265
265
266
266
267
267
268
269
269
270
270
271
271
272
272
273
273
273
274
274
275
275
276
277
277
278
278
279
279
280
280
281
281
281
282
282
283
283
284
285
285
286
286
287
287
288
288
289
289
289
290
290
291
291
292
293
293
294
294
295
295
296
296
297
297
297
298
298
299
299
300
301
301
302
302
303
303
304
304
305
305
305
306
306
307
307
308
309
309
310
310
311
311
312
312
313
313
313
314
314
315
315
316
317
317
318
318
319
319
320
320
321
321
321
322
322
323
323
324
325
325
326
326
327
327
328
328
329
329
329
330
330
331
331
332
333
334
335
336
337
337
338
338
339
339
340
340
341
341
342
342
343
343
344
344
345
345
346
346
347
347
348
348
349
349
350
350
351
351
352
352
353
353
354
354
355
355
356
356
357
357
358
358
359
359
360
360
361
361
362
362
363
363
364
365
365
366
366
367
367
368
368
369
369
369
370
370
371
371
372
373
373
374
374
375
375
376
376
377
377
377
378
378
379
379
380
381
381
382
382
383
383
384
384
385
385
385
386
386
387
387
388
389
389
390
390
391
391
392
392
393
393
393
394
394
395
395
396
397
397
398
398
399
399
400
400
401
401
401
402
402
403
403
404
405
405
406
406
407
407
408
408
409
409
409
410
410
411
411
412
413
413
414
414
415
415
416
416
417
417
417
418
418
419
419
420
421
421
422
422
423
423
424
424
425
425
425
426
426
427
427
428
429
429
430
430
431
431
432
432
433
433
433
434
434
435
435
436
437
437
438
438
439
439
440
440
441
441
441
442
442
443
443
444
445
445
446
446
447
447
448
448
449
449
449
450
450
451
451
452
453
453
454
454
455
455
456
456
457
457
457
458
458
459
459
460
461
461
462
462
463
463
464
464
465
465
465
466
466
467
467
468
469
469
470
470
471
471
472
472
473
473
473
474
474
475
475
476
477
477
478
478
479
479
480
480
481
481
481
482
482
483
483
484
485
485
486
486
487
487
488
488
489
489
489
490
490
491
491
492
493
493
494
494
495
495
496
496
497
497
497
498
498
499
499
500
501
501
502
502
503
503
504
504
505
505
505
506
506
507
507
508
509
509
510
510
511
511
512
512
513
513
513
514
514
515
515
516
517
517
518
518
519
519
520
520
521
521
521
522
522
523
523
524
525
525
526
526
527
527
528
528
529
529
529
530
530
531
531
532
533
533
534
534
535
535
536
536
537
537
537
538
538
539
539
540
541
541
542
542
543
543
544
544
545
545
545
546
546
547
547
548
549
549
550
550
551
551
552
552
553
553
553
554
554
555
555
556
557
557
558
558
559
559
560
560
561
561
561
562
562
563
563
564
565
565
566
566
567
567
568
568
569
569
569
570
570
571
571
572
573
573
574
574
575
575
576
577
577
578
578
579
579
580
581
581
582
582
583
583
584
585
585
586
586
587
587
588
589
589
589
590
590
591
591
592
593
593
594
594
595
595
596
596
597
597
597
598
598
599
599
600
601
601
602
602
603
603
604
604
605
605
605
606
606
607
607
608
609
609
610
610
611
611
612
612
613
613
613
614
614
615
615
616
617
617
618
618
619
619
620
620
621
621
621
622
622
623
623
624
625
625
626
626
627
627
628
628
629
629
629
630
630
631
631
632
633
633
634
634
635
635
636
636
637
637
637
638
638
639
639
640
641
641
642
642
643
643
644
644
645
645
645
646
646
647
647
648
649
649
650
650
651
651
652
652
653
653
653
654
654
655
655
656
657
657
658
658
659
659
660
660
661
661
661
662
662
663
663
664
665
665
666
666
667
667
668
668
669
669
669
670
670
671
671
672
673
673
674
674
675
675
676
676
677
677
677
678
678
679
679
680
681
681
682
682
683
683
684
684
685
685
685
686
686
687
687
688
689
689
690
690
691
691
692
692
693
693
693
694
694
695
695
696
697
697
698
698
699
699
700
700
701
701
701
702
702
703
703
704
705
705
706
706
707
707
708
708
709
709
709
710
710
711
711
712
713
713
714
714
715
715
716
716
717
717
717
718
718
719
719
720
721
721
722
722
723
723
724
724
725
725
725
726
726
727
727
728
729
729
730
730
731
731
732
732
733
733
733
734
734
735
735
736
737
737
738
738
739
739
740
740
741
741
741
742
742
743
743
744
745
745
746
746
747
747
748
748
749
749
749
750
750
751
751
752
753
753
754
754
755
755
756
756
757
757
757
758
758
759
759
760
761
761
762
762
763
763
764
764
765
765
765
766
766
767
767
768
769
769
770
770
771
771
772
772
773
773
773
774
774
775
775
776
777
777
778
778
779
779
780
780
781
781
781
782
782
783
783
784
785
785
786
786
787
787
788
788
789
789
789
790
790
791
791
792
793
793
794
794
795
795
796
796
797
797
797
798
798
799
799
800
801
801
802
802
803
803
804
804
805
805
805
806
806
807
807
808
809
809
810
810
811
811
812
812
813
813
813
814
814
815
815
816
817
817
818
818
819
819
820
820
821
821
821
822
822
823
823
824
825
825
826
826
827
827
828
828
829
829
829
830
830
831
831
832
833
833
834
834
835
835
836
836
837
837
837
838
838
839
839
840
841
841
842
842
843
843
844
844
845
845
845
846
846
847
847
848
849
849
850
850
851
851
852
852
853
853
853
854
854
855
855
856
857
857
858
858
859
859
860
860
861
861
861
862
862
863
863
864
865
865
866
866
867
867
868
868
869
869
869
870
870
871
871
872
873
873
874
874
875
875
876
876
877
877
877
878
878
879
879
880
881
881
882
882
883
883
884
884
885
885
885
886
886
887
887
888
889
889
890
890
891
891
892
892
893
893
893
894
894
895
895
896
897
897
898
898
899
899
900
900
901
901
901
902
902
903
903
904
905
905
906
906
907
907
908
908
909
909
909
910
910
911
911
912
913
913
914
914
915
915
916
916
917
917
917
918
918
919
919
920
921
921
922
922
923
923
924
924
925
925
925
926
926
927
927
928
929
929
930
930
931
931
932
932
933
933
933
934
934
935
935
936
937
937
938
938
939
939
940
940
941
941
941
942
942
943
943
944
945
945
946
946
947
947
948
948
949
949
949
950
950
951
951
952
953
953
954
954
955
955
956
956
957
957
957
958
958
959
959
960
961
961
962
962
963
963
964
964
965
965
965
966
966
967
967
968
969
969
970
970
971
971
972
972
973
973
973
974
974
975
975
976
977
977
978
978
979
979
980
980
981
981
981
982
982
983
983
984
985
985
986
986
987
987
988
988
989
989
989
990
990
991
991
992
993
993
994
994
995
995
996
996
997
997
997
998
998
999
999
1000
1001
1001
1002
1002
1003
1003
1004
1004
1005
1005
1005
1006
1006
1007
1007
1008
1009
1009
1010
1010
1011
1011
1012
1012
1013
1013
1013
1014
1014
1015
1015
1016
1017
1017
1018
1018
1019
1019
1020
1021
1021
1022
1022
1023
1023
1024
1025
1025
1026
1026
1027
1027
1028
1029
1029
1030
1030
1031
1031
1032
1033
1033
1033
1034
1034
1035
1035
1036
1037
1037
1038
1038
1039
1039
1040
1040
1041
1041
1041
1042
1042
1043
1043
1044
1045
1045
1046
1046
1047
1047
1048
1048
1049
1049
1049
1050
1050
1051
1051
1052
1053
1053
1054
1054
1055
1055
1056
1056
1057
1057
1057
1058
1058
1059
1059
1060
1061
1061
1062
1062
1063
1063
1064
1064
1065
1065
1065
1066
1066
1067
1067
1068
1069
1069
1070
1070
1071
1071
1072
1072
1073
1073
1073
1074
1074
1075
1075
1076
1077
1077
1078
1078
1079
1079
1080
1080
1081
1081
1081
1082
1082
1083
1083
1084
1085
1085
1086
1086
1087
1087
1088
1088
1089
1089
1089
1090
1090
1091
1091
1092
1093
1093
1094
1094
1095
1095
1096
1096
1097
1097
1097
1098
1098
1099
1099
1100
1101
1101
1102
1102
1103
1103
1104
1104
1105
1105
1105
1106
1106
1107
1107
1108
1109
1109
1110
1110
1111
1111
1112
1112
1113
1113
1113
1114
1114
1115
1115
1116
1117
1117
1118
1118
1119
1119
1120
1120
1121
1121
1121
1122
1122
1123
1123
1124
1125
1125
1126
1126
1127
1127
1128
1128
1129
1129
1129
1130
1130
1131
1131
1132
1133
1133
1134
1134
1135
1135
1136
1136
1137
1137
1137
1138
1138
1139
1139
1140
1141
1142
1143
1144
1145
1145
1146
1146
1146
1147
1147
1147
1148
1148
1148
1149
1149
1149
1150
1150
1150
1151
1151
1151
1152
1152
1152
1153
1153
1153
1154
1154
1154
1155
1155
1155
1156
1156
1156
1157
1157
1157
1158
1158
1158
1159
1159
1159
1160
1160
1160
1161
1161
1161
1162
1162
1162
1163
1163
1163
1164
1164
1164
1165
1165
1165
1166
1166
1166
1167
1167
1167
1168
1168
1169
1169
1170
1170
1171
1171
1172
1172
1173
1173
1174
1174
1175
1175
1176
1176
1177
1177
1178
1178
1179
1179
1180
1180
1181
1181
1182
1182
1183
1183
1184
1184
1185
1185
1186
1186
1187
1187
1188
1188
1189
1189
1190
1190
1191
1191
1192
1192
1193
1193
1194
1194
1195
1195
1196
1196
1197
1197
1198
1198
1199
1199
1200
1200
1201
1201
1202
1202
1203
1203
1204
1204
1205
1205
1206
1206
1207
1207
1208
1208
1209
1209
1210
1210
1211
1211
1212
1212
1213
1213
1214
1214
1215
1215
1216
1216
1217
1217
1218
1218
1219
1219
1220
1220
1221
1221
1222
1222
1223
1223
1224
1224
1225
1225
1226
1226
1227
1227
1228
1228
1229
1229
1230
1230
1231
1231
1232
1232
1233
1233
1234
1234
1235
1235
1236
1236
1237
1237
1238
1238
1239
1239
1240
1241
1241
1242
1242
1243
1243
1244
1244
1244
1245
1245
1246
1247
1247
1248
1248
1249
1249
1250
1250
1250
1251
1251
1252
1253
1253
1254
1254
1255
1255
1256
1256
1256
1257
1257
1258
1258
1259
1259
1260
1261
1261
1262
1262
1263
1263
1264
1264
1264
1265
1265
1266
1267
1267
1268
1268
1269
1269
1270
1270
1270
1271
1271
1272
1273
1273
1274
1274
1275
1275
1276
1276
1276
1277
1277
1278
1278
1279
1279
1280
1281
1281
1282
1282
1283
1283
1284
1284
1284
1285
1285
1286
1287
1287
1288
1288
1289
1289
1290
1290
1290
1291
1291
1292
1293
1293
1294
1294
1295
1295
1296
1296
1296
1297
1297
1298
1298
1299
1299
1300
1300
1301
1301
1302
1302
1303
1303
1304
1304
1305
1305
1306
1307
1307
1308
1308
1309
1309
1310
1310
1310
1311
1311
1312
1313
1313
1314
1314
1315
1315
1316
1316
1316
1317
1317
1318
1319
1319
1320
1320
1321
1321
1322
1322
1322
1323
1323
1324
1325
1325
1326
1326
1327
1327
1328
1328
1328
1329
1329
1330
1331
1331
1332
1332
1333
1333
1334
1334
1334
1335
1335
1336
1337
1337
1338
1338
1339
1339
1340
1340
1340
1341
1341
1342
1343
1343
1344
1344
1345
1345
1346
1346
1346
1347
1347
1348
1349
1349
1350
1350
1351
1351
1352
1352
1352
1353
1353
1354
1354
1355
1355
1356
1356
1357
1357
1358
1358
1359
1359
1360
1360
1361
1361
1362
1362
1363
1363
1364
1364
1365
1365
1366
1367
1367
1368
1368
1369
1369
1370
1370
1370
1371
1371
1372
1373
1373
1374
1374
1375
1375
1376
1376
1376
1377
1377
1378
1379
1379
1380
1380
1381
1381
1382
1382
1382
1383
1383
1384
1385
1385
1386
1386
1387
1387
1388
1388
1388
1389
1389
1390
1390
1391
1391
1392
1392
1393
1393
1394
1395
1395
1396
1396
1397
1397
1398
1398
1398
1399
1399
1400
1401
1401
1402
1402
1403
1403
1404
1404
1404
1405
1405
1406
1407
1407
1408
1408
1409
1409
1410
1410
1410
1411
1411
1412
1413
1413
1414
1414
1415
1415
1416
1416
1416
1417
1417
1418
1418
1419
1419
1420
1420
1421
1421
1422
1423
1423
1424
1424
1425
1425
1426
1426
1426
1427
1427
1428
1429
1429
1430
1430
1431
1431
1432
1432
1432
1433
1433
1434
1435
1435
1436
1436
1437
1437
1438
1438
1438
1439
1439
1440
1441
1441
1442
1442
1443
1443
1444
1444
1444
1445
1445
1446
1446
1447
1447
1448
1448
1449
1449
1450
1451
1451
1452
1452
1453
1453
1454
1454
1454
1455
1455
1456
1457
1457
1458
1458
1459
1459
1460
1460
1460
1461
1461
1462
1463
1463
1464
1464
1465
1465
1466
1466
1466
1467
1467
1468
1469
1469
1470
1470
1471
1471
1472
1472
1472
1473
1473
1474
1474
1475
1475
1476
1476
1477
1477
1478
1478
1479
1479
1480
1480
1481
1481
1482
1483
1483
1484
1484
1485
1485
1486
1486
1486
1487
1487
1488
1489
1489
1490
1490
1491
1491
1492
1492
1492
1493
1493
1494
1495
1495
1496
1496
1497
1497
1498
1498
1498
1499
1499
1500
1501
1501
1502
1502
1503
1503
1504
1504
1504
1505
1505
1506
1507
1507
1508
1508
1509
1509
1510
1510
1510
1511
1511
1512
1513
1513
1514
1514
1515
1515
1516
1516
1516
1517
1517
1518
1519
1519
1520
1520
1521
1521
1522
1522
1522
1523
1523
1524
1525
1525
1526
1526
1527
1527
1528
1528
1528
1529
1529
1530
1530
1531
1531
1532
1532
1533
1533
1534
1534
1535
1535
1536
1536
1537
1537
1538
1538
1539
1539
1540
1540
1541
1541
1542
1543
1543
1544
1544
1545
1545
1546
1546
1546
1547
1547
1548
1549
1549
1550
1550
1551
1551
1552
1552
1552
1553
1553
1554
1555
1555
1556
1556
1557
1557
1558
1558
1558
1559
1559
1560
1561
1561
1562
1562
1563
1563
1564
1564
1564
1565
1565
1566
1566
1567
1567
1568
1568
1569
1569
1570
1571
1571
1572
1572
1573
1573
1574
1574
1574
1575
1575
1576
1577
1577
1578
1578
1579
1579
1580
1580
1580
1581
1581
1582
1583
1583
1584
1584
1585
1585
1586
1586
1586
1587
1587
1588
1589
1589
1590
1590
1591
1591
1592
1592
1592
1593
1593
1594
1594
1595
1595
1596
1596
1597
1597
1598
1599
1599
1600
1600
1601
1601
1602
1602
1602
1603
1603
1604
1605
1605
1606
1606
1607
1607
1608
1608
1608
1609
1609
1610
1611
1611
1612
1612
1613
1613
1614
1614
1614
1615
1615
1616
1617
1617
1618
1618
1619
1619
1620
1620
1620
1621
1621
1622
1622
1623
1623
1624
1624
1625
1625
1626
1627
1627
1628
1628
1629
1629
1630
1630
1630
1631
1631
1632
1633
1633
1634
1634
1635
1635
1636
1636
1636
1637
1637
1638
1639
1639
1640
1640
1641
1641
1642
1642
1642
1643
1643
1644
1645
1645
1646
1646
1647
1647
1648
1648
1648
1649
1649
1650
1650
1651
1651
1652
1652
1653
1653
1654
1654
1655
1655
1656
1656
1657
1657
1658
1659
1659
1660
1660
1661
1661
1662
1662
1662
1663
1663
1664
1665
1665
1666
1666
1667
1667
1668
1668
1668
1669
1669
1670
1671
1671
1672
1672
1673
1673
1674
1674
1674
1675
1675
1676
1677
1677
1678
1678
1679
1679
1680
1680
1680
1681
1681
1682
1683
1683
1684
1684
1685
1685
1686
1686
1686
1687
1687
1688
1689
1689
1690
1690
1691
1691
1692
1692
1692
1693
1693
1694
1695
1695
1696
1696
1697
1697
1698
1698
1698
1699
1699
1700
1701
1701
1702
1702
1703
1703
1704
1704
1704
1705
1705
1706
1706
1707
1707
1708
1708
1709
1709
1710
1710
1711
1711
1712
1712
1713
1713
1714
1714
1715
1715
1716
1716
1717
1717
1718
1719
1719
1720
1720
1721
1721
1722
1722
1722
1723
1723
1724
1725
1725
1726
1726
1727
1727
1728
1728
1728
1729
1729
1730
1731
1731
1732
1732
1733
1733
1734
1734
1734
1735
1735
1736
1737
1737
1738
1738
1739
1739
1740
1740
1740
1741
1741
1742
1742
1743
1743
1744
1744
1745
1745
1746
1747
1747
1748
1748
1749
1749
1750
1750
1750
1751
1751
1752
1753
1753
1754
1754
1755
1755
1756
1756
1756
1757
1757
1758
1759
1759
1760
1760
1761
1761
1762
1762
1762
1763
1763
1764
1765
1765
1766
1766
1767
1767
1768
1768
1768
1769
1769
1770
1770
1771
1771
1772
1772
1773
1773
1774
1775
1775
1776
1776
1777
1777
1778
1778
1778
1779
1779
1780
1781
1781
1782
1782
1783
1783
1784
1784
1784
1785
1785
1786
1787
1787
1788
1788
1789
1789
1790
1790
1790
1791
1791
1792
1793
1793
1794
1794
1795
1795
1796
1796
1796
1797
1797
1798
1798
1799
1799
1800
1800
1801
1801
1802
1803
1803
1804
1804
1805
1805
1806
1806
1806
1806
1807
1807
1807
1808
1809
1809
1809
1810
1810
1811
1811
1812
1812
1812
1812
1812
1813
1814
1814
1814
1814
1815
1815
1815
1816
1816
1817
1817
1818
1818
1819
1819
1820
1820
1821
1821
1822
1822
1823
1823
1824
1824
1825
1825
1826
1826
1827
1827
1828
1828
1829
1829
1830
1830
1831
1831
1832
1832
1833
1833
1834
1834
1835
1835
1836
1836
1837
1837
1838
1838
1839
1839
1840
1840
1841
1841
1842
1842
1843
1843
1844
1844
1845
1845
1846
1846
1847
1847
1848
1848
1849
1849
1850
1850
1851
1851
1852
1852
1853
1853
1854
1854
1855
1855
1856
1856
1857
1857
1858
1858
1859
1859
1860
1860
1861
1862
1862
1863
1863
1864
1864
1865
1865
1865
1866
1866
1867
1868
1868
1869
1869
1870
1870
1871
1871
1871
1872
1872
1873
1874
1874
1875
1875
1876
1876
1877
1877
1877
1878
1878
1879
1879
1880
1880
1881
1882
1882
1883
1883
1884
1884
1885
1885
1885
1886
1886
1887
1888
1888
1889
1889
1890
1890
1891
1891
1891
1892
1892
1893
1894
1894
1895
1895
1896
1896
1897
1897
1897
1898
1898
1899
1899
1900
1900
1901
1902
1902
1903
1903
1904
1905
1905
1906
1906
1907
1908
1908
1909
1909
1910
1910
1911
1911
1911
1912
1912
1913
1914
1915
1916
1917
1917
1918
1918
1919
1919
1920
1920
1921
1921
1922
1922
1923
1923
1924
1924
1925
1925
1926
1926
1927
1928
1928
1929
1929
1930
1930
1931
1931
1931
1932
1932
1933
1934
1934
1935
1935
1936
1936
1937
1937
1937
1938
1938
1939
1940
1940
1941
1941
1942
1942
1943
1943
1943
1944
1944
1945
1946
1946
1947
1947
1948
1948
1949
1949
1949
1950
1950
1951
1951
1952
1952
1953
1953
1954
1954
1955
1956
1956
1957
1957
1958
1958
1959
1959
1959
1960
1960
1961
1962
1962
1963
1963
1964
1964
1965
1965
1965
1966
1966
1967
1968
1968
1969
1969
1970
1970
1971
1971
1971
1972
1972
1973
1974
1974
1975
1975
1976
1976
1977
1977
1977
1978
1978
1979
1979
1980
1980
1981
1981
1982
1982
1983
1984
1984
1985
1985
1986
1986
1987
1987
1987
1988
1988
1989
1990
1990
1991
1991
1992
1992
1993
1993
1993
1994
1994
1995
1996
1996
1997
1997
1998
1998
1999
1999
1999
2000
2000
2001
2002
2002
2003
2003
2004
2004
2005
2005
2005
2006
2006
2007
2007
2008
2008
2009
2009
2010
2010
2011
2012
2012
2013
2013
2014
2014
2015
2015
2015
2016
2016
2017
2018
2018
2019
2019
2020
2020
2021
2021
2021
2022
2022
2023
2024
2024
2025
2025
2026
2026
2027
2027
2027
2028
2028
2029
2030
2030
2031
2031
2032
2032
2033
2033
2033
2034
2034
2035
2035
2036
2036
2037
2037
2038
2038
2039
2039
2040
2040
2041
2041
2042
2042
2043
2043
2044
2044
2045
2045
2046
2046
2047
2048
2048
2049
2049
2050
2050
2051
2051
2051
2052
2052
2053
2054
2055
2056
2057
2057
2058
2058
2059
2060
2060
2061
2061
2062
2062
2063
2063
2063
2064
2064
2065
2066
2067
2068
2069
2069
2070
2070
2071
2072
2072
2073
2073
2074
2074
2075
2075
2075
2076
2076
2077
2078
2079
2080
2081
2081
2082
2082
2083
2084
2084
2085
2085
2086
2086
2087
2087
2087
2088
2088
2089
2090
2091
2092
2093
2093
2094
2094
2095
2095
2096
2096
2097
2097
2098
2098
2099
2099
2100
2100
2101
2101
2102
2102
2103
2104
2104
2105
2105
2106
2106
2107
2107
2107
2108
2108
2109
2110
2110
2111
2111
2112
2112
2113
2113
2113
2114
2114
2115
2116
2116
2117
2117
2118
2118
2119
2119
2119
2120
2120
2121
2122
2122
2123
2123
2124
2124
2125
2125
2125
2126
2126
2127
2127
2128
2128
2129
2129
2130
2130
2131
2132
2132
2133
2133
2134
2134
2135
2135
2135
2136
2136
2137
2138
2138
2139
2139
2140
2140
2141
2141
2141
2142
2142
2143
2144
2144
2145
2145
2146
2146
2147
2147
2147
2148
2148
2149
2150
2150
2151
2151
2152
2152
2153
2153
2153
2154
2154
2155
2155
2156
2156
2157
2157
2158
2158
2159
2160
2160
2161
2161
2162
2162
2163
2163
2163
2164
2164
2165
2166
2166
2167
2167
2168
2168
2169
2169
2169
2170
2170
2171
2172
2172
2173
2173
2174
2174
2175
2175
2175
2176
2176
2177
2178
2178
2179
2179
2180
2180
2181
2181
2181
2182
2182
2183
2183
2184
2184
2185
2185
2186
2186
2187
2188
2188
2189
2189
2190
2190
2191
2191
2191
2192
2192
2193
2194
2194
2195
2195
2196
2196
2197
2197
2197
2198
2198
2199
2200
2200
2201
2201
2202
2202
2203
2203
2203
2204
2204
2205
2206
2206
2207
2207
2208
2208
2209
2209
2209
2210
2210
2211
2211
2212
2212
2213
2213
2214
2214
2215
2215
2216
2216
2217
2217
2218
2218
2219
2219
2220
2220
2221
2221
2222
2222
2223
2224
2224
2225
2225
2226
2226
2227
2227
2227
2228
2228
2229
2230
2231
2232
2233
2233
2234
2234
2235
2236
2236
2237
2237
2238
2238
2239
2239
2239
2240
2240
2241
2242
2243
2244
2245
2245
2246
2246
2247
2248
2248
2249
2249
2250
2250
2251
2251
2251
2252
2252
2253
2254
2255
2256
2257
2257
2258
2258
2259
2260
2260
2261
2261
2262
2262
2263
2263
2263
2264
2264
2265
2266
2267
2268
2269
2269
2270
2270
2271
2271
2272
2272
2273
2273
2274
2274
2275
2275
2276
2276
2277
2277
2278
2278
2279
2280
2280
2281
2281
2282
2282
2283
2283
2283
2284
2284
2285
2286
2286
2287
2287
2288
2288
2289
2289
2289
2290
2290
2291
2292
2292
2293
2293
2294
2294
2295
2295
2295
2296
2296
2297
2298
2298
2299
2299
2300
2300
2301
2301
2301
2302
2302
2303
2303
2304
2304
2305
2305
2306
2306
2307
2308
2308
2309
2309
2310
2310
2311
2311
2311
2312
2312
2313
2314
2314
2315
2315
2316
2316
2317
2317
2317
2318
2318
2319
2320
2320
2321
2321
2322
2322
2323
2323
2323
2324
2324
2325
2326
2326
2327
2327
2328
2328
2329
2329
2329
2330
2330
2331
2331
2332
2332
2333
2333
2334
2334
2335
2336
2336
2336
2337
2337
2337
2337
2338
2338
2339
2339
2339
2340
2340
2341
2342
2342
2343
2343
2344
2345
2345
2346
2347
2347
2348
2349
2349
2350
2351
2351
2351
2352
2352
2353
2353
2354
2354
2356
2356
2357
2357
2358
2358
2358
2359
2359
2360
2360
2360
2361
2361
2361
2361
2362
2362
2363
2363
2363
2364
2365
2366
2367
2367
2368
2369
2369
2370
2371
2371
2372
2373
2373
2373
2374
2374
2375
2375
2376
2376
2378
2378
2379
2379
2380
2380
2380
2381
2381
2382
2382
2382
2383
2383
2383
2383
2384
2384
2385
2385
2385
2386
2387
2388
2389
2389
2390
2391
2391
2392
2393
2393
2394
2395
2395
2395
2396
2396
2397
2397
2398
2398
2400
2400
2401
2401
2402
2402
2402
2403
2403
2404
2404
2404
2405
2405
2405
2405
2406
2406
2407
2407
2407
2408
2409
2410
2411
2411
2412
2413
2413
2414
2415
2415
2416
2417
2417
2417
2418
2418
2419
2419
2420
2420
2422
2422
2423
2423
2424
2424
2424
2425
2425
2425
2426
2426
2427
2427
2428
2428
2429
2429
2430
2430
2431
2431
2432
2432
2433
2434
2434
2435
2435
2436
2436
2437
2437
2437
2438
2438
2439
2440
2441
2442
2443
2443
2444
2444
2445
2446
2446
2447
2447
2448
2448
2449
2449
2449
2450
2450
2451
2452
2453
2454
2455
2455
2455
2456
2456
2457
2458
2458
2458
2459
2459
2459
2459
2460
2460
2461
2461
2461
2462
2463
2464
2465
2465
2466
2467
2467
2468
2469
2469
2470
2471
2471
2471
2472
2472
2473
2473
2474
2474
2476
2476
2477
2477
2478
2478
2478
2479
2479
2479
2480
2480
2481
2481
2482
2482
2484
2484
2484
2485
2485
2485
2486
2486
2487
2487
2487
2488
2489
2490
2491
2491
2492
2493
2493
2494
2495
2495
2496
2497
2497
2498
2499
2499
2500
2501
2503
2504
2505
2505
2506
2506
2507
2507
2508
2508
2508
2509
2509
2509
2510
2511
2513
2514
2514
2514
2515
2515
2515
2516
2516
2516
2517
2518
2518
2519
2519
2520
2520
2521
2521
2521
2522
2522
2523
2523
2524
2524
2524
2525
2525
2526
2526
2526
2527
2528
2528
2530
2530
2531
2531
2531
2532
2533
2533
2534
2534
2534
2535
2536
2536
2537
2537
2538
2538
2538
2539
2539
2540
2540
2541
2541
2542
2542
2543
2543
2544
2544
2545
2545
2546
2546
2547
2547
2548
2549
2549
2550
2550
2551
2551
2552
2552
2552
2553
2553
2554
2555
2555
2556
2556
2557
2557
2558
2558
2558
2559
2559
2560
2561
2561
2562
2562
2563
2563
2564
2564
2564
2565
2565
2566
2567
2567
2568
2568
2569
2569
2570
2570
2570
2571
2571
2572
2573
2573
2574
2574
2575
2575
2576
2576
2576
2577
2577
2578
2579
2579
2580
2580
2581
2581
2582
2582
2582
2583
2583
2584
2585
2585
2586
2586
2587
2587
2588
2588
2588
2589
2589
2590
2591
2591
2592
2592
2593
2593
2594
2594
2594
2595
2595
2596
2596
2597
2597
2598
2598
2599
2599
2600
2600
2601
2601
2602
2602
2603
2603
2604
2604
2605
2605
2606
2606
2607
2607
2608
2609
2609
2610
2610
2611
2611
2612
2612
2612
2613
2613
2614
2615
2615
2616
2616
2617
2617
2618
2618
2618
2619
2619
2620
2621
2621
2622
2622
2623
2623
2624
2624
2624
2625
2625
2626
2627
2627
2628
2628
2629
2629
2630
2630
2630
2631
2631
2632
2632
2633
2633
2634
2634
2635
2635
2636
2637
2637
2638
2638
2639
2639
2640
2640
2640
2641
2641
2642
2643
2643
2644
2644
2645
2645
2646
2646
2646
2647
2647
2648
2649
2649
2650
2650
2651
2651
2652
2652
2652
2653
2653
2654
2655
2655
2656
2656
2657
2657
2658
2658
2658
2659
2659
2660
2660
2661
2661
2662
2662
2663
2663
2664
2665
2665
2666
2666
2667
2667
2668
2668
2668
2669
2669
2670
2671
2671
2672
2672
2673
2673
2674
2674
2674
2675
2675
2676
2677
2677
2678
2678
2679
2679
2680
2680
2680
2681
2681
2682
2683
2683
2684
2684
2685
2685
2686
2686
2686
2687
2687
2688
2688
2689
2689
2690
2690
2691
2691
2692
2693
2693
2694
2694
2695
2695
2696
2696
2696
2697
2697
2698
2699
2699
2700
2700
2701
2701
2702
2702
2702
2703
2703
2704
2705
2705
2706
2706
2707
2707
2708
2708
2708
2709
2709
2710
2711
2711
2712
2712
2713
2713
2714
2714
2714
2715
2715
2716
2716
2717
2717
2718
2718
2719
2719
2720
2720
2721
2721
2722
2722
2723
2723
2724
2725
2725
2726
2727
2727
2728
2729
2729
2730
2731
2731
2732
2733
2733
2734
2735
2735
2736
2737
2737
2738
2739
2739
2740
2741
2741
2742
2743
2743
2744
2745
2745
2746
2747
2747
2748
2748
2749
2749
2750
2750
2751
2751
2752
2752
2753
2753
2754
2754
2755
2755
2756
2756
2757
2757
2758
2758
2759
2759
2760
2760
2761
2761
2762
2762
2763
2763
2764
2764
2765
2765
2766
2766
2767
2767
2767
2768
2768
2769
2769
2769
2770
2770
2771
2772
2773
2774
2774
2775
2775
2775
2776
2777
2777
2778
2778
2778
2779
2780
2780
2781
2781
2781
2782
2783
2783
2784
2784
2784
2785
2786
2786
2787
2787
2787
2788
2789
2789
2790
2790
2790
2791
2792
2792
2793
2793
2793
2794
2795
2795
2796
2796
2796
2797
2798
2798
2799
2799
2799
2800
2801
2801
2802
2802
2802
2803
2804
2804
2805
2805
2805
2806
2807
2807
2808
2808
2808
2809
2810
2810
2811
2811
2811
2812
2813
2813
2814
2814
2814
2815
2816
2816
2817
2817
2817
2818
2819
2819
2820
2820
2820
2821
2822
2822
2823
2823
2823
2824
2825
2825
2826
2826
2826
2827
2828
2828
2829
2829
2829
2830
2831
2831
2832
2832
2832
2833
2834
2834
2835
2835
2835
2836
2837
2837
2838
2838
2838
2839
2840
2840
2841
2841
2841
2841
2842
2843
2844
2846
2846
2847
2847
2848
2848
2849
2849
2850
2850
2851
2851
2852
2852
2853
2853
2854
2854
2855
2855
2856
2856
2857
2857
2858
2858
2859
2859
2860
2860
2861
2861
2862
2862
2863
2863
2864
2864
2865
2865
2866
2866
2867
2867
2869
2869
2870
2870
2871
2871
2871
2872
2873
2873
2874
2874
2875
2875
2875
2876
2877
2877
2878
2878
2879
2879
2879
2880
2881
2881
2882
2882
2883
2883
2883
2884
2885
2885
2886
2886
2887
2887
2887
2888
2888
2889
2889
2890
2890
2891
2891
2892
2894
2894
2895
2895
2896
2896
2897
2897
2898
2898
2899
2899
2900
2900
2901
2901
2902
2902
2903
2903
2904
2905
2905
2906
2906
2907
2907
2908
2908
2908
2909
2909
2910
2911
2911
2912
2912
2913
2913
2914
2914
2914
2915
2915
2916
2917
2917
2918
2918
2919
2919
2920
2920
2920
2921
2921
2922
2923
2923
2924
2924
2925
2925
2926
2926
2926
2927
2927
2928
2928
2929
2929
2930
2930
2931
2931
2932
2933
2933
2934
2934
2935
2935
2936
2936
2936
2937
2937
2938
2939
2939
2940
2940
2941
2941
2942
2942
2942
2943
2943
2944
2945
2945
2946
2946
2947
2947
2948
2948
2948
2949
2949
2950
2951
2951
2952
2952
2953
2953
2954
2954
2954
2955
2955
2956
2956
2957
2957
2958
2958
2959
2959
2960
2961
2961
2962
2962
2963
2963
2964
2964
2964
2965
2965
2966
2967
2967
2968
2968
2969
2969
2970
2970
2970
2971
2971
2972
2973
2973
2974
2974
2975
2975
2976
2976
2976
2977
2977
2978
2979
2979
2980
2980
2981
2981
2982
2982
2982
2983
2983
2984
2984
2985
2985
2986
2986
2987
2987
2988
2989
2989
2990
2990
2991
2991
2992
2992
2992
2993
2993
2994
2995
2995
2996
2996
2997
2997
2998
2998
2998
2999
2999
3000
3001
3001
3002
3002
3003
3003
3004
3004
3004
3005
3005
3006
3007
3007
3008
3008
3009
3009
3010
3010
3010
3011
3011
3012
3012
3013
3013
3014
3014
3015
3015
3016
3016
3017
3017
3018
3018
3019
3019
3020
3020
3021
3021
3022
3022
3023
3023
3024
3025
3025
3026
3026
3027
3027
3028
3028
3028
3029
3029
3030
3031
3032
3033
3034
3034
3035
3035
3036
3037
3037
3038
3038
3039
3039
3040
3040
3040
3041
3041
3042
3043
3044
3045
3046
3046
3047
3047
3048
3049
3049
3050
3050
3051
3051
3052
3052
3052
3053
3053
3054
3055
3056
3057
3058
3058
3059
3059
3060
3061
3061
3062
3062
3063
3063
3064
3064
3064
3065
3065
3066
3067
3068
3069
3070
3070
3071
3071
3072
3072
3073
3073
3074
3074
3075
3075
3076
3076
3077
3077
3078
3078
3079
3079
3080
3081
3081
3082
3083
3083
3084
3085
3085
3086
3087
3087
3088
3089
3089
3090
3091
3091
3092
3093
3093
3094
3095
3095
3096
3097
3097
3098
3099
3099
3100
3101
3103
3104
3105
3106
3107
3108
3109
3110
3111
3112
3113
3114
3115
3116
3117
3118
3119
3120
3121
3122
3123
3124
4
1141
1140
1133
1132
1125
1124
1117
1116
1109
1108
1101
1100
1093
1092
1085
1084
1077
1076
1069
1068
1045
1044
1037
1036
1061
1060
1053
1052
5
1020
1021
1028
1029
381
380
373
372
365
572
564
565
557
556
549
548
541
540
533
532
525
524
517
516
509
508
501
500
493
492
485
484
477
476
469
468
461
460
453
452
445
444
437
436
429
428
421
420
413
412
405
404
397
396
389
388
576
575
574
573
364
37
44
45
52
53
60
61
68
69
76
77
84
85
92
93
100
101
108
109
116
117
124
125
132
133
140
141
148
149
156
157
164
165
172
173
180
181
188
189
196
197
204
205
212
213
220
221
228
229
236
237
244
245
252
253
260
261
268
269
276
277
284
285
292
293
300
301
308
309
316
317
324
325
332
333
36
1016
592
1009
1008
1001
1000
993
992
985
984
977
976
969
968
961
960
953
952
593
600
601
608
609
616
617
624
625
632
633
640
641
648
649
656
816
808
809
800
793
801
792
945
944
937
936
929
928
921
920
913
912
905
904
897
896
889
888
657
664
665
672
673
680
681
688
689
696
697
704
705
712
713
720
881
880
873
872
865
864
857
856
849
848
841
840
833
832
824
825
817
721
728
729
736
737
744
745
752
753
760
761
768
784
777
785
769
776
1020
1019
1018
1017
576
577
584
585
360
359
358
357
356
355
354
353
352
351
350
349
348
347
346
345
344
343
342
341
340
339
338
337
364
363
362
361
333
334
335
336
9
10
11
12
13
14
15
16
17
18
19
20
21
22
23
24
25
26
27
28
29
30
31
32
5
6
7
8
36
35
34
33
4
3
2
1
1141
1142
1143
1144
1140
1139
1138
1137
1133
1134
1135
1136
1132
1131
1130
1129
1125
1126
1127
1128
1124
1123
1122
1121
1117
1118
1119
1120
1116
1115
1114
1113
1109
1110
1111
1112
1108
1107
1106
1105
1101
1102
1103
1104
1100
1099
1098
1097
1093
1094
1095
1096
1092
1091
1090
1089
1085
1086
1087
1088
1084
1083
1082
1081
1077
1078
1079
1080
1076
1075
1074
1073
1069
1070
1071
1072
1068
1067
1066
1065
1045
1046
1047
1048
1044
1043
1042
1041
1037
1038
1039
1040
1036
1035
1034
1033
1061
1062
1063
1064
1060
1059
1058
1057
1053
1054
1055
1056
1052
1051
1050
1049
1016
1015
1014
1013
592
591
590
589
1009
1010
1011
1012
1008
1007
1006
1005
1001
1002
1003
1004
1000
999
998
997
993
994
995
996
992
991
990
989
985
986
987
988
984
983
982
981
977
978
979
980
976
975
974
973
969
970
971
972
968
967
966
965
961
962
963
964
960
959
958
957
953
954
955
956
952
951
950
949
593
594
595
596
600
599
598
597
601
602
603
604
608
607
606
605
609
610
611
612
616
615
614
613
617
618
619
620
624
623
622
621
625
626
627
628
632
631
630
629
633
634
635
636
640
639
638
637
641
642
643
644
648
647
646
645
649
650
651
652
656
655
654
653
816
815
814
813
808
807
806
805
809
810
811
812
800
799
798
797
793
794
795
796
801
802
803
804
792
791
790
789
945
946
947
948
944
943
942
941
937
938
939
940
936
935
934
933
929
930
931
932
928
927
926
925
921
922
923
924
920
919
918
917
913
914
915
916
912
911
910
909
905
906
907
908
904
903
902
901
897
898
899
900
896
895
894
893
889
890
891
892
888
887
886
885
657
658
659
660
664
663
662
661
665
666
667
668
672
671
670
669
673
674
675
676
680
679
678
677
681
682
683
684
688
687
686
685
689
690
691
692
696
695
694
693
697
698
699
700
704
703
702
701
705
706
707
708
712
711
710
709
713
714
715
716
720
719
718
717
881
882
883
884
880
879
878
877
873
874
875
876
872
871
870
869
865
866
867
868
864
863
862
861
857
858
859
860
856
855
854
853
849
850
851
852
848
847
846
845
841
842
843
844
840
839
838
837
833
834
835
836
832
831
830
829
824
823
822
821
825
826
827
828
817
818
819
820
721
722
723
724
728
727
726
725
729
730
731
732
736
735
734
733
737
738
739
740
744
743
742
741
745
746
747
748
752
751
750
749
753
754
755
756
760
759
758
757
761
762
763
764
768
767
766
765
784
783
782
781
777
778
779
780
785
786
787
788
769
770
771
772
776
775
774
773
381
382
383
384
380
379
378
377
373
374
375
376
372
371
370
369
365
366
367
368
572
571
570
569
564
563
562
561
565
566
567
568
557
558
559
560
556
555
554
553
549
550
551
552
548
547
546
545
541
542
543
544
540
539
538
537
533
534
535
536
532
531
530
529
525
526
527
528
524
523
522
521
517
518
519
520
516
515
514
513
509
510
511
512
508
507
506
505
501
502
503
504
500
499
498
497
493
494
495
496
492
491
490
489
485
486
487
488
484
483
482
481
477
478
479
480
476
475
474
473
469
470
471
472
468
467
466
465
461
462
463
464
460
459
458
457
453
454
455
456
452
451
450
449
445
446
447
448
444
443
442
441
437
438
439
440
436
435
434
433
429
430
431
432
428
427
426
425
421
422
423
424
420
419
418
417
413
414
415
416
412
411
410
409
405
406
407
408
404
403
402
401
397
398
399
400
396
395
394
393
389
390
391
392
388
387
386
385
360
359
358
357
356
355
354
353
352
351
350
349
348
347
346
345
344
343
342
341
340
339
338
337
37
38
39
40
44
43
42
41
45
46
47
48
52
51
50
49
53
54
55
56
60
59
58
57
61
62
63
64
68
67
66
65
69
70
71
72
76
75
74
73
77
78
79
80
84
83
82
81
85
86
87
88
92
91
90
89
93
94
95
96
100
99
98
97
101
102
103
104
108
107
106
105
109
110
111
112
116
115
114
113
117
118
119
120
124
123
122
121
125
126
127
128
132
131
130
129
133
134
135
136
140
139
138
137
141
142
143
144
148
147
146
145
149
150
151
152
156
155
154
153
157
158
159
160
164
163
162
161
165
166
167
168
172
171
170
169
173
174
175
176
180
179
178
177
181
182
183
184
188
187
186
185
189
190
191
192
196
195
194
193
197
198
199
200
204
203
202
201
205
206
207
208
212
211
210
209
213
214
215
216
220
219
218
217
221
222
223
224
228
227
226
225
229
230
231
232
236
235
234
233
237
238
239
240
244
243
242
241
245
246
247
248
252
251
250
249
253
254
255
256
260
259
258
257
261
262
263
264
268
267
266
265
269
270
271
272
276
275
274
273
277
278
279
280
284
283
282
281
285
286
287
288
292
291
290
289
293
294
295
296
300
299
298
297
301
302
303
304
308
307
306
305
309
310
311
312
316
315
314
313
317
318
319
320
324
323
322
321
325
326
327
328
332
331
330
329
9
10
11
12
13
14
15
16
17
18
19
20
21
22
23
24
25
26
27
28
29
30
31
32
1993
0
2001
3125
1994
1998
3124
1997
3123
1841
1842
1145
1996
3102
1995
1146
1843
3099
1844
1992
3101
1991
3070
1987
3100
1988
3071
1990
1147
1981
3098
1989
1148
1982
3095
1986
3097
1985
3072
1845
3096
1846
3073
1984
1983
3122
1847
3121
1848
1976
3120
1975
3119
1971
1149
1972
3094
1974
1150
1965
3091
1973
3093
1966
3074
1970
3092
1969
3075
1949
1151
1950
3090
1968
1152
1967
3087
1951
3089
1952
3076
1964
3088
1963
3077
1959
1960
3118
1962
3117
1921
1961
3116
1922
3115
1958
1153
1957
3086
1953
1154
1954
3083
1956
3085
1923
3078
1955
3084
1924
3079
1948
1155
1947
3082
1943
1156
1944
2747
1946
3081
1937
3080
1945
2748
1938
2749
1942
1941
3069
1849
3068
1850
3064
1940
3065
1939
1851
3067
1852
3058
1936
3066
1935
3059
1931
3063
1932
3062
1934
3010
1925
3011
1933
3061
1926
3060
1930
3012
1929
3013
1853
1854
3057
1928
3056
1927
3052
1855
3053
1856
1916
3055
1915
3046
1911
3054
1912
3047
1914
3051
1905
3050
1913
3014
1906
3015
1910
3049
1909
3048
1897
3016
1898
3017
1908
1907
3045
1899
3044
1900
1904
3040
1903
1902
3041
1901
1896
3043
1895
3034
1891
3042
1892
3035
1894
3039
1885
3038
1893
3018
1886
3019
1890
3037
1889
3036
1877
3020
1878
3021
1888
1887
3033
1879
3032
1880
1884
3028
1883
1882
3029
1881
1876
3031
1875
2894
1871
3030
1872
2895
1874
3027
1865
3026
1873
3022
1866
3023
1870
3025
1869
2896
1857
3024
1858
2897
1868
3009
1867
3008
1859
3004
1860
1864
3005
1863
1862
3007
1861
2998
3114
3006
3113
2999
3112
3003
3111
3002
1157
2982
2746
2983
1158
3001
2743
3000
2745
2984
2714
2985
2744
2997
2715
2996
1159
2992
2742
2993
1160
2995
2739
2954
2741
2994
2716
2955
2740
2991
2717
2990
3110
2986
3109
2987
3108
2989
3107
2956
1161
2988
2738
2957
1162
2981
2735
2980
2737
2976
2718
2977
2736
2979
2719
2970
1163
2978
2734
2971
1164
2975
2731
2974
2733
2750
2720
2751
2732
2973
2721
2972
3106
2752
3105
2753
3104
3103
2969
1165
2968
2730
2964
1166
2965
2727
2967
2729
2958
2722
2966
2728
2959
2723
2963
1167
2962
2726
2754
1168
1169
2755
2725
2961
2724
2960
1170
1171
2756
2713
2757
2712
2953
2708
2952
2709
2948
2711
2949
2702
2951
2710
2942
2703
2950
2707
2943
2706
2947
2686
2946
2687
2926
2705
2927
2704
2945
2688
2944
2689
2928
2701
2929
2700
2941
2696
2940
2697
2936
2699
2937
2658
2939
2698
2898
2659
2938
2695
2899
2694
2935
2690
2934
2691
2930
2693
2931
2660
2933
2692
2900
2661
2932
2685
2901
2684
2925
2680
2924
2681
2920
2683
2921
2674
2923
2682
2914
2675
2922
2679
2915
2678
2919
2594
2918
2595
2758
2677
2759
2676
2917
2596
2916
2597
2760
2673
2761
2672
2913
2668
2912
2669
2908
2671
2909
2662
2911
2670
2902
2663
2910
2667
2903
2666
2907
2598
2906
2599
2762
2665
2763
2664
2905
2600
2904
2601
2764
2657
2765
2656
2652
2845
2653
2844
2655
2646
2843
2654
2647
2502
2651
2650
2501
2630
2631
2891
2649
2892
2648
2632
2893
2633
2890
2645
2889
2644
2887
2640
2888
2641
2846
2643
2841
2538
2847
2642
2838
2539
2639
2842
2638
2840
2634
2635
2839
2637
2837
2540
2848
2636
2835
2541
2849
2629
2832
2628
2624
2836
2625
2834
2627
2618
2833
2626
2831
2619
2886
2623
2885
2622
2883
2602
2884
2603
2850
2621
2829
2620
2851
2604
2826
2605
2617
2830
2616
2828
2612
2613
2827
2615
2825
2542
2852
2614
2823
2543
2853
2611
2820
2610
2606
2824
2607
2822
2609
2544
2821
2608
2819
2545
2593
2499
2592
2500
2588
2498
2589
2497
2591
2582
2484
2590
2495
2583
2496
2587
2586
2494
1172
1173
2493
2585
2485
2584
1174
2491
1175
2492
2581
2580
2490
2576
2487
2577
2486
2579
2489
2570
2488
2578
2571
2476
2575
2477
2574
2478
1176
1177
2482
2573
2572
2483
1178
1179
2481
2569
2480
2568
2455
2564
2479
2565
2456
2567
2558
2474
2566
2473
2559
2475
2563
2471
2562
1180
2472
1181
2561
2469
2560
2470
1182
1183
2468
2557
2467
2556
2459
2552
2553
2465
2555
2466
2546
2464
2554
2461
2547
2460
2551
2550
2463
1184
1185
2462
2549
2422
2548
1186
2423
1187
2424
2537
2536
2458
2521
2457
2522
2425
2426
2534
2533
2454
2535
2453
2524
2449
2531
2450
2530
2452
2532
2443
2526
2451
2528
2529
2444
2527
2448
2514
2447
2525
2427
2515
2428
2523
2446
2516
2445
2520
2429
2519
2430
1796
2442
1797
2518
2441
2517
2437
1798
2438
1799
2440
2512
2513
2269
2509
2439
2511
2270
2505
2436
2510
2435
2506
2431
2508
2432
2507
2434
1812
2271
1813
2433
1811
2272
1810
2882
1806
2881
1807
2879
1809
2880
1768
2854
1808
2817
1769
2855
1805
2814
1804
2818
1800
1801
2816
1803
2815
1770
1802
2813
1771
2856
1795
2811
1794
2857
1790
2808
1791
2812
1793
1784
2810
1792
2809
1785
1789
2807
1788
2878
1704
2877
1705
2875
1787
2876
1786
2858
1706
2805
1707
2859
1783
2802
1782
2806
1778
1779
2804
1781
2803
1772
1780
2801
1773
2860
1777
2799
1776
2861
1708
2796
1709
2800
1775
1774
2798
1710
2797
1711
1767
2795
1766
2420
1762
2419
1763
1765
2421
1756
2417
1764
2418
1757
2415
1761
2416
1760
1740
2414
1741
2413
1759
2405
1758
2411
1742
2412
1743
1755
2410
1754
2407
1750
2406
1751
2409
1753
2408
1648
1752
2400
1649
2401
1749
2402
1748
2404
1744
2329
1745
2403
1747
2330
1650
2398
1746
2397
1651
1739
2399
1738
2395
1734
2396
1735
2393
1737
2394
1728
1736
2392
1729
2391
1733
2383
1732
2389
1712
2390
1713
1731
2388
1730
2385
1714
2384
1715
2387
1727
2386
1726
1722
2378
1723
2379
1725
2380
1652
2382
1724
2331
1653
2381
1721
2332
1720
2874
1716
2873
1717
2871
1719
2872
1654
2862
1718
2793
1655
2863
1703
2790
1702
2794
1698
1699
2792
1701
2791
1692
1700
2789
1693
2864
1697
2787
1696
2865
1188
1189
2784
1695
2788
1694
1190
1191
2786
1691
2785
1690
1686
2783
1687
2870
1689
2869
1680
2766
1688
2767
1681
2866
1685
2781
1684
2867
1192
1193
2778
1683
2782
1682
1194
1195
2780
1679
2779
1678
1674
2777
1675
2868
1677
2775
1668
2768
1676
2769
1669
2776
1673
1672
2774
1196
1197
2773
1671
1670
2772
1198
1199
2770
1667
2771
1666
1662
2376
1663
2375
1665
2377
1656
2373
1664
2374
1657
1661
2371
1660
2372
1200
1201
2370
1659
2369
1658
1202
2361
1203
1647
2367
1646
2368
1642
2366
1643
2363
1645
2362
1636
1644
2365
1637
2364
1641
2356
1640
2357
1620
2358
1621
2360
1639
2333
1638
2359
1622
2334
1623
1635
2354
1634
2353
1630
2355
1631
2351
1633
2352
1592
1632
2349
1593
2350
1629
2348
1628
2347
1624
2337
1625
1627
2503
1594
1626
2504
1595
2345
1619
2346
1618
1614
2344
1615
2339
1617
2338
1608
2343
1616
2340
1609
2342
1613
2341
1612
1814
1528
2336
1529
2335
1611
1815
1610
1816
1530
2328
1531
2327
1607
2323
1606
2324
1602
2326
1603
2317
1605
2325
1596
2318
1604
2322
1597
2321
1601
2301
1600
2302
1532
2320
1533
2319
1599
2303
1598
2304
1534
2316
1535
2315
1591
2311
1590
2312
1586
2314
1587
2273
1589
2313
1580
2274
1588
2310
1581
2309
1585
2305
1584
2306
1564
2308
1565
2275
1583
2307
1582
2276
1566
2300
1567
2299
1579
2295
1578
2296
1574
2298
1575
2289
1577
2297
1472
2290
1576
2294
1473
2293
1573
1817
1572
1818
1568
2292
1569
2291
1571
1819
1474
1820
1570
2288
1475
2287
1563
2283
1562
2284
1558
2286
1559
2277
1561
2285
1552
2278
1560
2282
1553
2281
1557
1821
1556
1822
1536
2280
1537
2279
1555
1823
1554
1824
1538
2268
1539
1551
2267
1550
2263
1546
2264
1547
2266
1549
1476
2257
1548
2265
1477
2258
1545
2262
1544
2261
1540
2209
1541
2210
1543
2260
1478
2259
1542
2211
1479
2212
1527
2256
1526
1522
2255
1523
2251
1525
2252
1516
2254
1524
1517
2245
1521
2253
1520
2246
1204
1205
2250
1519
2249
1518
2213
1206
1207
2214
1515
2248
1514
2247
1510
2215
1511
2216
1513
2244
1504
1512
2243
1505
2239
1509
2240
1508
1208
2242
1209
1507
2233
1506
2241
1210
1211
2234
1503
2238
1502
2237
1498
2217
1499
2218
1501
2236
1492
2235
1500
2219
1493
2220
1497
2232
1496
1212
1213
2231
1495
2227
1494
2228
1214
1215
2230
1491
1490
2093
1486
2229
1487
2094
1489
2226
1480
2225
1488
2221
1481
2222
1485
2224
1484
2095
1216
1217
2223
1483
2096
1482
2208
1218
1219
2207
1471
2203
1470
2204
1466
2206
1467
2197
1469
2205
1460
2198
1468
2202
1461
2201
1465
2181
1464
2182
1444
2200
1445
2199
1463
2183
1462
2184
1446
2196
1447
2195
1459
2191
1458
2192
1454
2194
1455
2153
1457
2193
1416
2154
1456
2190
1417
2189
1453
2185
1452
2186
1448
2188
1449
2155
1451
2187
1418
2156
1450
2180
1419
2179
1443
2175
1442
2176
1438
2178
1439
2169
1441
2177
1432
2170
1440
2174
1433
2173
1437
1825
1436
1826
1352
2172
1353
2171
1435
1827
1434
1828
1354
2168
1355
2167
1431
2163
1430
2164
1426
2166
1427
2157
1429
2165
1420
2158
1428
2162
1421
2161
1425
1829
1424
1830
1356
2160
1357
2159
1423
1831
1422
1832
1358
2152
1359
2151
1415
2147
1414
2148
1410
2150
1411
2141
1413
2149
1404
2142
1412
2146
1405
2145
1409
2125
1408
2126
1388
2144
1389
2143
1407
2127
1406
2128
1390
2140
1391
2139
1403
2135
1402
2136
1398
2138
1399
2097
1401
2137
1296
2098
1400
2134
1297
2133
1397
2129
1396
2130
1392
2132
1393
2099
1395
2131
1298
2100
1394
2124
1299
2123
1387
2119
1386
2120
1382
2122
1383
2113
1385
2121
1376
2114
1384
2118
1377
2117
1381
1833
1380
1834
1360
2116
1361
2115
1379
1835
1378
1836
1362
2112
1363
2111
1375
2107
1374
2108
1370
2110
1371
2101
1373
2109
1300
2102
1372
2106
1301
2105
1369
1837
1368
1838
1364
2104
1365
2103
1367
1839
1302
1840
1366
2092
1303
1351
2091
1350
2087
1346
2088
1347
2090
1349
1340
2081
1348
2089
1341
2082
1345
2086
1344
2085
1220
1221
2033
1343
2034
1342
2084
1222
1223
2083
1339
2035
1338
2036
1334
2080
1335
1337
2079
1328
2075
1336
2076
1329
2078
1333
1332
2069
1224
1225
2077
1331
2070
1330
2074
1226
1227
2073
1327
2037
1326
2038
1322
2072
1323
2071
1325
2039
1316
2040
1324
2068
1317
1321
2067
1320
2063
1228
1229
2064
1319
2066
1318
1230
1231
2057
1315
2065
1314
2058
1310
2062
1311
2061
1313
2041
1304
2042
1312
2060
1305
2059
1309
2043
1308
2044
1232
1233
2056
1307
1306
2055
1234
1235
2051
1295
2052
1294
2054
1290
1291
1917
1293
2053
1284
1918
1292
2050
1285
2049
1289
2045
1288
2046
1276
2048
1277
1919
1287
2047
1286
1920
1278
2032
1279
2031
1283
1282
2027
1281
1280
2028
1275
2030
1274
2021
1270
2029
1271
2022
1273
2026
1264
2025
1272
2005
1265
2006
1269
2024
1268
2023
1256
2007
1257
2008
1267
2020
1266
2019
1258
2015
1259
2016
1263
1262
2018
1261
1260
1977
1255
2017
1254
1978
1250
2014
1251
2013
1253
2009
1244
2010
1252
2012
1245
1979
1249
2011
1248
1980
1236
1237
2004
1247
2003
1246
1999
1238
1239
2000
1243
1242
2002
1241
1240
5
6
7
8
1020
1021
1028
1029
1019
1022
1027
1030
1018
1023
1026
1031
1017
1024
1025
1032
576
577
584
585
575
578
583
586
574
579
582
587
573
580
581
588
364
363
362
361
333
334
335
336
36
35
34
33
4
3
2
1
1141
1142
1143
1144
1140
1139
1138
1137
1133
1134
1135
1136
1132
1131
1130
1129
1125
1126
1127
1128
1124
1123
1122
1121
1117
1118
1119
1120
1116
1115
1114
1113
1109
1110
1111
1112
1108
1107
1106
1105
1101
1102
1103
1104
1100
1099
1098
1097
1093
1094
1095
1096
1092
1091
1090
1089
1085
1086
1087
1088
1084
1083
1082
1081
1077
1078
1079
1080
1076
1075
1074
1073
1069
1070
1071
1072
1068
1067
1066
1065
1045
1046
1047
1048
1044
1043
1042
1041
1037
1038
1039
1040
1036
1035
1034
1033
1061
1062
1063
1064
1060
1059
1058
1057
1053
1054
1055
1056
1052
1051
1050
1049
1016
1015
1014
1013
592
591
590
589
1009
1010
1011
1012
1008
1007
1006
1005
1001
1002
1003
1004
1000
999
998
997
993
994
995
996
992
991
990
989
985
986
987
988
984
983
982
981
977
978
979
980
976
975
974
973
969
970
971
972
968
967
966
965
961
962
963
964
960
959
958
957
953
954
955
956
952
951
950
949
593
594
595
596
600
599
598
597
601
602
603
604
608
607
606
605
609
610
611
612
616
615
614
613
617
618
619
620
624
623
622
621
625
626
627
628
632
631
630
629
633
634
635
636
640
639
638
637
641
642
643
644
648
647
646
645
649
650
651
652
656
655
654
653
816
815
814
813
808
807
806
805
809
810
811
812
800
799
798
797
793
794
795
796
801
802
803
804
792
791
790
789
945
946
947
948
944
943
942
941
937
938
939
940
936
935
934
933
929
930
931
932
928
927
926
925
921
922
923
924
920
919
918
917
913
914
915
916
912
911
910
909
905
906
907
908
904
903
902
901
897
898
899
900
896
895
894
893
889
890
891
892
888
887
886
885
657
658
659
660
664
663
662
661
665
666
667
668
672
671
670
669
673
674
675
676
680
679
678
677
681
682
683
684
688
687
686
685
689
690
691
692
696
695
694
693
697
698
699
700
704
703
702
701
705
706
707
708
712
711
710
709
713
714
715
716
720
719
718
717
881
882
883
884
880
879
878
877
873
874
875
876
872
871
870
869
865
866
867
868
864
863
862
861
857
858
859
860
856
855
854
853
849
850
851
852
848
847
846
845
841
842
843
844
840
839
838
837
833
834
835
836
832
831
830
829
824
823
822
821
825
826
827
828
817
818
819
820
721
722
723
724
728
727
726
725
729
730
731
732
736
735
734
733
737
738
739
740
744
743
742
741
745
746
747
748
752
751
750
749
753
754
755
756
760
759
758
757
761
762
763
764
768
767
766
765
784
783
782
781
777
778
779
780
785
786
787
788
769
770
771
772
776
775
774
773
381
382
383
384
380
379
378
377
373
374
375
376
372
371
370
369
365
366
367
368
572
571
570
569
564
563
562
561
565
566
567
568
557
558
559
560
556
555
554
553
549
550
551
552
548
547
546
545
541
542
543
544
540
539
538
537
533
534
535
536
532
531
530
529
525
526
527
528
524
523
522
521
517
518
519
520
516
515
514
513
509
510
511
512
508
507
506
505
501
502
503
504
500
499
498
497
493
494
495
496
492
491
490
489
485
486
487
488
484
483
482
481
477
478
479
480
476
475
474
473
469
470
471
472
468
467
466
465
461
462
463
464
460
459
458
457
453
454
455
456
452
451
450
449
445
446
447
448
444
443
442
441
437
438
439
440
436
435
434
433
429
430
431
432
428
427
426
425
421
422
423
424
420
419
418
417
413
414
415
416
412
411
410
409
405
406
407
408
404
403
402
401
397
398
399
400
396
395
394
393
389
390
391
392
388
387
386
385
360
359
358
357
356
355
354
353
352
351
350
349
348
347
346
345
344
343
342
341
340
339
338
337
37
38
39
40
44
43
42
41
45
46
47
48
52
51
50
49
53
54
55
56
60
59
58
57
61
62
63
64
68
67
66
65
69
70
71
72
76
75
74
73
77
78
79
80
84
83
82
81
85
86
87
88
92
91
90
89
93
94
95
96
100
99
98
97
101
102
103
104
108
107
106
105
109
110
111
112
116
115
114
113
117
118
119
120
124
123
122
121
125
126
127
128
132
131
130
129
133
134
135
136
140
139
138
137
141
142
143
144
148
147
146
145
149
150
151
152
156
155
154
153
157
158
159
160
164
163
162
161
165
166
167
168
172
171
170
169
173
174
175
176
180
179
178
177
181
182
183
184
188
187
186
185
189
190
191
192
196
195
194
193
197
198
199
200
204
203
202
201
205
206
207
208
212
211
210
209
213
214
215
216
220
219
218
217
221
222
223
224
228
227
226
225
229
230
231
232
236
235
234
233
237
238
239
240
244
243
242
241
245
246
247
248
252
251
250
249
253
254
255
256
260
259
258
257
261
262
263
264
268
267
266
265
269
270
271
272
276
275
274
273
277
278
279
280
284
283
282
281
285
286
287
288
292
291
290
289
293
294
295
296
300
299
298
297
301
302
303
304
308
307
306
305
309
310
311
312
316
315
314
313
317
318
319
320
324
323
322
321
325
326
327
328
332
331
330
329
9
10
11
12
13
14
15
16
17
18
19
20
21
22
23
24
25
26
27
28
29
30
31
32
2002
1993
0
2001
1994
3125
1998
3124
1997
1841
3123
1842
1145
1996
1995
3102
1843
1146
1844
3099
1992
3101
1991
1987
3070
1988
3100
1990
3071
1981
1147
1989
3098
1982
1148
1986
3095
1985
3097
1845
3072
1846
3096
1984
3073
1983
3122
1847
1848
3121
1976
3120
1975
1971
3119
1972
1149
1974
3094
1965
1150
1973
3091
1966
3093
1970
3074
1969
3092
1949
3075
1950
1151
1968
3090
1967
1152
1951
3087
1952
3089
1964
3076
1963
3088
1959
3077
1960
3118
1962
1921
3117
1961
3116
1922
1958
3115
1957
1153
1953
3086
1954
1154
1956
3083
1923
3085
1955
3078
1924
3084
1948
3079
1947
1155
1943
3082
1944
1156
1946
2747
1937
3081
1945
3080
1938
2748
1942
2749
1941
3069
1849
1850
3068
1940
3064
1939
3065
1851
3067
1852
1936
3058
1935
3066
1931
3059
1932
3063
1934
3062
1925
3010
1933
3011
1926
3061
1930
3060
1929
3012
1853
3013
1854
3057
1928
1927
3056
1855
3052
1856
3053
1916
3055
1915
1911
3046
1912
3054
1914
3047
1905
3051
1913
3050
1906
3014
1910
3015
1909
3049
1897
3048
1898
3016
1908
3017
1907
3045
1899
1900
3044
1904
1903
3040
1902
1901
3041
1896
3043
1895
1891
3034
1892
3042
1894
3035
1885
3039
1893
3038
1886
3018
1890
3019
1889
3037
1877
3036
1878
3020
1888
3021
1887
3033
1879
1880
3032
1884
1883
3028
1882
1881
3029
1876
3031
1875
1871
2894
1872
3030
1874
2895
1865
3027
1873
3026
1866
3022
1870
3023
1869
3025
1857
2896
1858
3024
1868
2897
1867
3009
1859
3008
1860
3004
1864
1863
3005
1862
1861
3007
3114
2998
3113
3006
3112
2999
3111
3003
1157
3002
2746
2982
1158
2983
2743
3001
2745
3000
2714
2984
2744
2985
2715
2997
1159
2996
2742
2992
1160
2993
2739
2995
2741
2954
2716
2994
2740
2955
2717
2991
3110
2990
3109
2986
3108
2987
3107
2989
1161
2956
2738
2988
1162
2957
2735
2981
2737
2980
2718
2976
2736
2977
2719
2979
1163
2970
2734
2978
1164
2971
2731
2975
2733
2974
2720
2750
2732
2751
2721
2973
3106
2972
3105
2752
3104
2753
3103
2969
1165
2968
2730
2964
1166
2965
2727
2967
2729
2958
2722
2966
2728
2959
2723
2963
1167
2962
2726
1168
2754
1169
2755
2725
2961
2724
1170
2960
1171
2756
2713
2757
2712
2953
2708
2952
2709
2948
2711
2949
2702
2951
2710
2942
2703
2950
2707
2943
2706
2947
2686
2946
2687
2926
2705
2927
2704
2945
2688
2944
2689
2928
2701
2929
2700
2941
2696
2940
2697
2936
2699
2937
2658
2939
2698
2898
2659
2938
2695
2899
2694
2935
2690
2934
2691
2930
2693
2931
2660
2933
2692
2900
2661
2932
2685
2901
2684
2925
2680
2924
2681
2920
2683
2921
2674
2923
2682
2914
2675
2922
2679
2915
2678
2919
2594
2918
2595
2758
2677
2759
2676
2917
2596
2916
2597
2760
2673
2761
2672
2913
2668
2912
2669
2908
2671
2909
2662
2911
2670
2902
2663
2910
2667
2903
2666
2907
2598
2906
2599
2762
2665
2763
2664
2905
2600
2904
2601
2764
2657
2765
2656
2652
2845
2653
2655
2844
2646
2654
2843
2647
2651
2502
2650
2630
2501
2631
2891
2649
2648
2892
2632
2893
2633
2890
2645
2889
2644
2887
2640
2888
2641
2643
2846
2538
2841
2642
2847
2539
2838
2639
2842
2638
2634
2840
2635
2839
2637
2540
2837
2636
2848
2541
2835
2629
2849
2628
2832
2624
2836
2625
2627
2834
2618
2833
2626
2619
2831
2623
2886
2622
2885
2602
2883
2603
2884
2621
2850
2620
2829
2604
2851
2605
2826
2617
2830
2616
2612
2828
2613
2827
2615
2542
2825
2614
2852
2543
2823
2611
2853
2610
2820
2606
2824
2607
2609
2822
2544
2821
2608
2545
2819
2593
2499
2592
2500
2588
2589
2498
2591
2497
2582
2484
2590
2583
2495
2587
2496
2586
1172
2494
1173
2493
2585
2485
2584
1174
1175
2491
2581
2492
2580
2490
2576
2487
2577
2486
2579
2570
2489
2578
2488
2571
2476
2575
2477
2574
1176
2478
1177
2573
2482
2572
1178
2483
1179
2481
2569
2480
2568
2564
2455
2565
2479
2567
2456
2558
2474
2566
2473
2559
2563
2475
2562
2471
1180
1181
2472
2561
2469
2560
1182
2470
1183
2557
2468
2556
2467
2552
2459
2553
2465
2555
2466
2546
2554
2464
2547
2461
2551
2460
2550
1184
2463
1185
2462
2549
2548
2422
1186
1187
2423
2537
2424
2536
2458
2521
2457
2522
2425
2534
2426
2533
2454
2535
2524
2453
2449
2531
2450
2530
2452
2532
2526
2443
2528
2451
2529
2444
2527
2448
2514
2447
2525
2427
2515
2428
2523
2446
2516
2445
2520
2429
2519
2430
1796
1797
2442
2518
2441
2517
2437
1798
2438
1799
2512
2440
2513
2269
2509
2439
2511
2270
2505
2436
2510
2435
2506
2431
2508
2432
2507
2434
1812
2271
1813
2433
1811
2272
1810
2882
1806
2881
1807
2879
1809
2880
1768
2854
1808
2817
1769
2855
1805
2814
1804
1800
2818
1801
2816
1803
1770
2815
1802
2813
1771
2856
1795
2811
1794
2857
1790
2808
1791
1793
2812
1784
2810
1792
1785
2809
1789
2807
1788
2878
1704
2877
1705
2875
1787
2876
1786
2858
1706
2805
1707
2859
1783
2802
1782
1778
2806
1779
2804
1781
1772
2803
1780
2801
1773
2860
1777
2799
1776
2861
1708
2796
1709
1775
2800
1774
2798
1710
1711
2797
1767
2795
1766
1762
2420
1763
2419
1765
2421
1756
2417
1764
2418
1757
1761
2415
1760
2416
1740
2414
1741
2413
1759
2405
1758
1742
2411
1743
2412
1755
2410
1754
2407
1750
2406
1751
1753
2409
1648
2408
1752
2400
1649
2401
1749
2402
1748
2404
1744
2329
1745
2403
1747
2330
1650
1746
2398
1651
2397
1739
2399
1738
2395
1734
2396
1735
1737
2393
1728
2394
1736
2392
1729
2391
1733
2383
1732
1712
2389
1713
2390
1731
2388
1730
2385
1714
2384
1715
1727
2387
1726
2386
1722
2378
1723
2379
1725
2380
1652
2382
1724
2331
1653
2381
1721
2332
1720
2874
1716
2873
1717
2871
1719
2872
1654
2862
1718
2793
1655
2863
1703
2790
1702
1698
2794
1699
2792
1701
1692
2791
1700
2789
1693
2864
1697
2787
1696
1188
2865
1189
2784
1695
1694
2788
1190
1191
2786
1691
1690
2785
1686
2783
1687
2870
1689
2869
1680
2766
1688
2767
1681
2866
1685
2781
1684
1192
2867
1193
2778
1683
1682
2782
1194
1195
2780
1679
1678
2779
1674
2777
1675
2868
1677
2775
1668
2768
1676
2769
1669
1673
2776
1672
1196
2774
1197
2773
1671
1670
1198
2772
1199
2770
1667
1666
2771
1662
2376
1663
2375
1665
1656
2377
1664
2373
1657
2374
1661
2371
1660
1200
2372
1201
1659
2370
1658
2369
1202
1203
2361
1647
2367
1646
2368
1642
1643
2366
1645
2363
1636
2362
1644
2365
1637
2364
1641
1640
2356
1620
2357
1621
2358
1639
2360
1638
2333
1622
2359
1623
2334
1635
2354
1634
2353
1630
1631
2355
1633
2351
1592
2352
1632
2349
1593
2350
1629
1628
2348
1624
2347
1625
2337
1627
1594
2503
1626
2504
1595
1619
2345
1618
2346
1614
2344
1615
2339
1617
2338
1608
2343
1616
2340
1609
2342
1613
2341
1612
1814
1528
2336
1529
2335
1611
1815
1610
1816
1530
2328
1531
2327
1607
2323
1606
2324
1602
2326
1603
2317
1605
2325
1596
2318
1604
2322
1597
2321
1601
2301
1600
2302
1532
2320
1533
2319
1599
2303
1598
2304
1534
2316
1535
2315
1591
2311
1590
2312
1586
2314
1587
2273
1589
2313
1580
2274
1588
2310
1581
2309
1585
2305
1584
2306
1564
2308
1565
2275
1583
2307
1582
2276
1566
2300
1567
2299
1579
2295
1578
2296
1574
2298
1575
2289
1577
2297
1472
2290
1576
2294
1473
2293
1573
1817
1572
1818
1568
2292
1569
2291
1571
1819
1474
1820
1570
2288
1475
2287
1563
2283
1562
2284
1558
2286
1559
2277
1561
2285
1552
2278
1560
2282
1553
2281
1557
1821
1556
1822
1536
2280
1537
2279
1555
1823
1554
1824
1538
1539
2268
1551
2267
1550
2263
1546
2264
1547
1549
2266
1476
2257
1548
2265
1477
2258
1545
2262
1544
2261
1540
2209
1541
2210
1543
2260
1478
2259
1542
2211
1479
2212
1527
1526
2256
1522
2255
1523
2251
1525
2252
1516
1524
2254
1517
2245
1521
2253
1520
1204
2246
1205
2250
1519
2249
1518
1206
2213
1207
2214
1515
2248
1514
2247
1510
2215
1511
2216
1513
1504
2244
1512
2243
1505
2239
1509
2240
1508
1208
1209
2242
1507
2233
1506
1210
2241
1211
2234
1503
2238
1502
2237
1498
2217
1499
2218
1501
2236
1492
2235
1500
2219
1493
2220
1497
1496
2232
1212
1213
2231
1495
2227
1494
1214
2228
1215
1491
2230
1490
2093
1486
2229
1487
2094
1489
2226
1480
2225
1488
2221
1481
2222
1485
2224
1484
1216
2095
1217
2223
1483
2096
1482
1218
2208
1219
2207
1471
2203
1470
2204
1466
2206
1467
2197
1469
2205
1460
2198
1468
2202
1461
2201
1465
2181
1464
2182
1444
2200
1445
2199
1463
2183
1462
2184
1446
2196
1447
2195
1459
2191
1458
2192
1454
2194
1455
2153
1457
2193
1416
2154
1456
2190
1417
2189
1453
2185
1452
2186
1448
2188
1449
2155
1451
2187
1418
2156
1450
2180
1419
2179
1443
2175
1442
2176
1438
2178
1439
2169
1441
2177
1432
2170
1440
2174
1433
2173
1437
1825
1436
1826
1352
2172
1353
2171
1435
1827
1434
1828
1354
2168
1355
2167
1431
2163
1430
2164
1426
2166
1427
2157
1429
2165
1420
2158
1428
2162
1421
2161
1425
1829
1424
1830
1356
2160
1357
2159
1423
1831
1422
1832
1358
2152
1359
2151
1415
2147
1414
2148
1410
2150
1411
2141
1413
2149
1404
2142
1412
2146
1405
2145
1409
2125
1408
2126
1388
2144
1389
2143
1407
2127
1406
2128
1390
2140
1391
2139
1403
2135
1402
2136
1398
2138
1399
2097
1401
2137
1296
2098
1400
2134
1297
2133
1397
2129
1396
2130
1392
2132
1393
2099
1395
2131
1298
2100
1394
2124
1299
2123
1387
2119
1386
2120
1382
2122
1383
2113
1385
2121
1376
2114
1384
2118
1377
2117
1381
1833
1380
1834
1360
2116
1361
2115
1379
1835
1378
1836
1362
2112
1363
2111
1375
2107
1374
2108
1370
2110
1371
2101
1373
2109
1300
2102
1372
2106
1301
2105
1369
1837
1368
1838
1364
2104
1365
2103
1367
1839
1302
1840
1366
1303
2092
1351
2091
1350
2087
1346
2088
1347
1349
2090
1340
2081
1348
2089
1341
2082
1345
2086
1344
1220
2085
1221
2033
1343
2034
1342
1222
2084
1223
2083
1339
2035
1338
2036
1334
1335
2080
1337
2079
1328
2075
1336
2076
1329
1333
2078
1332
1224
2069
1225
2077
1331
2070
1330
1226
2074
1227
2073
1327
2037
1326
2038
1322
2072
1323
2071
1325
2039
1316
2040
1324
1317
2068
1321
2067
1320
1228
2063
1229
2064
1319
1318
2066
1230
1231
2057
1315
2065
1314
2058
1310
2062
1311
2061
1313
2041
1304
2042
1312
2060
1305
2059
1309
2043
1308
1232
2044
1233
1307
2056
1306
1234
2055
1235
2051
1295
2052
1294
1290
2054
1291
1917
1293
2053
1284
1918
1292
2050
1285
2049
1289
2045
1288
2046
1276
2048
1277
1919
1287
2047
1286
1920
1278
2032
1279
1283
2031
1282
1281
2027
1280
2028
1275
2030
1274
2021
1270
2029
1271
2022
1273
2026
1264
2025
1272
2005
1265
2006
1269
2024
1268
2023
1256
2007
1257
2008
1267
2020
1266
2019
1258
2015
1259
1263
2016
1262
1261
2018
1260
1977
1255
2017
1254
1978
1250
2014
1251
2013
1253
2009
1244
2010
1252
2012
1245
1979
1249
2011
1248
1236
1980
1237
2004
1247
2003
1246
1238
1999
1239
1243
2000
1242
1241
1240
5
6
7
8
1020
1019
1018
1017
1021
1022
1023
1024
1028
1027
1026
1025
1029
1030
1031
1032
576
575
574
573
577
578
579
580
584
583
582
581
585
586
587
588
364
363
362
361
333
334
335
336
36
35
34
33
)


// ************************************************************************* //
