# Time Dx Dy Dz magD
0.02027896966807538, 0.0016976553095915392
0.0439080264720855, 0.005026516685744775
0.06441257989705296, 0.008032345403312352
0.08081622263702698, 0.01105774304866955
0.09175198446367627, 0.014324476163858096
0.09995380583366326, 0.017532738820230515
0.10815562720365024, 0.020886811634291597
0.11772441880196843, 0.024386767803911635
0.12729321040028657, 0.027789517201739278
0.13549503177027356, 0.0311921934016966
0.14369685314026054, 0.03449766282986144
0.15326564473857868, 0.0381312783106961
0.16420140656522803, 0.04203228561183031
0.17513716839187737, 0.04600619799180883
0.1847059599901955, 0.04946970162200673
0.19427475158851365, 0.05300611033104896
0.2038435431868318, 0.056907044434312826
0.21204536455681883, 0.06040692740606257
0.2202471859268058, 0.06376100022012365
0.2284490072967928, 0.06740669334956204
0.23665082866677978, 0.07090657632131175
0.24621962026509792, 0.07422426979382102
0.25715538209174726, 0.07743267884593408
0.26809114391839656, 0.08056818281920283
0.2790269057450459, 0.08406821218669322
0.2899626675716952, 0.08782340933013874
0.30089842939834455, 0.09132343869762916
0.31046722099666274, 0.09462898132366432
0.3186690423666497, 0.0979830541377254
0.32687086373663676, 0.1015801438812676
0.3350726851066237, 0.1050314234671211
0.34327450647661073, 0.10848270305297461
0.35147632784659766, 0.11188537925293192
0.3596781492165847, 0.11533665883878542
0.3678799705865716, 0.11869073165284652
0.3774487621848899, 0.12220283866894063
0.3883845240115391, 0.12603094089123051
0.39795331560985736, 0.1298225173762279
0.4061551369798443, 0.1335168138915625
0.41435695834983133, 0.137405523950482
0.42255877971981826, 0.14134283739529768
0.4307606010898053, 0.14508573729652852
0.4389624224597922, 0.14848841349648584
0.44716424382977926, 0.15179388292465068
0.4553660651997662, 0.15514795573871176
0.46356788656975323, 0.15835621839508418
0.47313667816807137, 0.16161315763522316
0.4854394102230519, 0.16482163988520654
0.4991091125063635, 0.16808851939613573
0.5127788147896751, 0.17120958874937628
0.5264485170729868, 0.17435982013415452
0.5401182193562984, 0.17780167183431012
0.5543347097309426, 0.1811269046874629
0.5817348685299362, 0.18449496642785287
0.611200671229519, 0.18786637900408443
0.6367174488250341, 0.1911241722193772
0.6535767483077852, 0.19433289846226165
0.6780303268368205, 0.19752583023134923
0.7100130905917433, 0.19870328187843966
0.7369619322359863, 0.19944071905145455
0.7714779305013482, 0.19793586233489746
0.793007711597564, 0.19502081204758195
0.8080443841092069, 0.1913763632819391
0.8217140863925184, 0.18779016538150137
0.8353837886758301, 0.18434977763875232
0.8504204611874729, 0.1810747146059207
0.866824103927447, 0.1777219593535255
0.8804938062107587, 0.17446626447718205
0.8914295680374079, 0.1712590265909942
0.9037323000923884, 0.16787688971345027
0.9160350321473688, 0.16473533959609266
0.9269707939740183, 0.16152810170990478
0.9379065558006675, 0.15817505366602824
0.9515762580839792, 0.15485860455731454
0.9679799008239532, 0.151432944226075
0.9830165733355959, 0.1479343056181208
0.9953193053905763, 0.1443990680750038
1.006255067217226, 0.14064504209748346
1.0158238588155437, 0.13690309376856685
1.024025680185531, 0.13359850271484588
1.0322275015555178, 0.13029391166112494
1.040429322925505, 0.1272323375368851
1.0486311442954919, 0.12417076341264523
1.0568329656654787, 0.12096337913071671
1.065034787035466, 0.11761018469109955
1.0732366084054528, 0.11411118009379372
1.08143842977544, 0.11090379581186521
1.0896402511454268, 0.10764780814404046
1.0978420725154137, 0.1045376306339044
1.106043893885401, 0.10094141926480613
1.1142457152553877, 0.0969563808085381
1.122447536625375, 0.09277692880868518
1.1306493579953618, 0.08874328696652095
1.1388511793653486, 0.0850984722115265
1.147053000735336, 0.08145365745653199
1.1552548221053227, 0.07814906640281102
1.164823613703641, 0.07474734177516798
1.1757593755302902, 0.07124848357360278
1.1866951373569394, 0.0679683406085706
1.1976308991835887, 0.06454238748584973
1.2085666610102384, 0.061007076744862415
1.2195024228368876, 0.05754467108271938
1.2304381846635368, 0.0542645281176872
1.241373946490186, 0.05083857499496636
1.2523097083168353, 0.04715745409629035
1.264612440371816, 0.043520149442791256
1.2796491128834586, 0.0402936897958559
1.2946857853951017, 0.03681449254226016
1.3083554876784134, 0.03328661870489791
1.3206582197333936, 0.02977325268543421
1.3315939815600433, 0.026092131786758205
1.3425297433866925, 0.022411010888082228
1.3548324754416727, 0.018678929632085506
1.3685021777249844, 0.015151055794723256
1.382171880008296, 0.011448209768134598
1.3999424929766011, 0.008015332126880936
1.4209027031443457, 0.004917988643341975
1.439584629598205, 0.0015653553873972992
1.462481380922752, -0.0010580013866705873
1.4942634387314517, -0.0010238972789213818
1.5231650949875961, 0.0007782900583016561
1.5482587627505326, 0.0025189406430644323
1.585030261892641, 0.004314374605346699
1.6145568188245942, 0.007917466574255572
1.6399434087793159, 0.010616313880516065
1.670797879647362, 0.013659149349952548
1.6911071516111393, 0.017118020600642714
1.7075107943511134, 0.020593346732582063
1.719813526406094, 0.024472555707933275
1.7307492882327433, 0.02837356300906746
1.7416850500593926, 0.03154551952175841
1.7526208118860418, 0.03457166587676064
1.763556573712691, 0.03788943254714022
1.7744923355393407, 0.041353009375208416
1.7840611271376585, 0.044743607926561985
1.7936299187359768, 0.04824356409618208
1.803198710334295, 0.051937933809386994
1.8114005317042818, 0.05519479985165565
1.819602353074269, 0.0586946828234054
1.827804174444256, 0.061854342093881576
1.8360059958142427, 0.06501400136435778
1.845574787412561, 0.06855041007340001
1.8551435790108792, 0.07201391370359791
1.8647123706091975, 0.07514934447899632
1.8770151026641777, 0.07848905587089955
1.8906848049474894, 0.08187258350797963
1.9016205667741386, 0.08523652339496063
1.9111893583724568, 0.08878508295047688
1.922125120199106, 0.0925767326333446
1.9330608820257558, 0.09607676200083498
1.943996643852405, 0.09961324390774753
1.9549324056790542, 0.10322263089350442
1.9658681675057035, 0.10650394502446184
1.9768039293323527, 0.1097852591554192
1.9877396911590024, 0.1132852885229096
1.9986754529856516, 0.11678531789039999
2.009611214812301, 0.1205769675732677
2.019180006410619, 0.12397971697109533
2.027381827780606, 0.12733378978515641
2.0355836491505928, 0.1309794829145948
2.04378547052058, 0.13457657265813697
2.051987291890567, 0.1380278522439905
2.061556083488885, 0.14139414910239595
2.0724918453155343, 0.14478482085161987
2.0834276071421836, 0.14828485021911025
2.0943633689688332, 0.15156616435006764
2.1066661010238135, 0.15496419980504628
2.120335803307125, 0.15861018572596597
2.132638535362106, 0.16195718762575362
2.144941267417086, 0.16511463632054596
2.159977939928729, 0.1683135442890908
2.181165978467862, 0.17163793536673483
2.2146567490619757, 0.17421692325170482
2.2460970643135925, 0.17803883293416514
2.275897015291212, 0.18136490024303964
2.303851556460584, 0.1832546386815559
2.3367727561262264, 0.18475095564657498
2.3648281927172135, 0.18662715997314872
2.400564700115014, 0.18425861701104876
2.423803193996644, 0.18077708160833805
2.44294077719328, 0.17713285243630617
2.460711390161585, 0.17411345074221252
2.477115032901559, 0.1707606954898173
2.4921517054132023, 0.16749535313416494
2.5044544374681825, 0.16409134473296771
2.5153901992948318, 0.16055603399198037
2.5276929313498124, 0.15717389711443644
2.541362633633124, 0.15408345375014015
2.5550323359164357, 0.15105133444891933
2.5700690084280784, 0.14772766803019152
2.5864726511680525, 0.14449642124253687
2.601509323679695, 0.1411387324536817
2.613812055734676, 0.1377420145603689
2.624747817561325, 0.13460768175302534
2.6356835793879743, 0.1311088235514602
2.646619341214624, 0.12790158566527232
2.658922073269604, 0.12419866644081334
2.672591775552916, 0.12069995463498882
2.6848945076078965, 0.11711368353668077
2.6944632992062147, 0.11356614875134904
2.7026651205762016, 0.11035876446942053
2.71223391217452, 0.10661681614050392
2.7218027037728376, 0.10311788474106842
2.730004525142825, 0.09971608691555506
2.7382063465128117, 0.09607127216056055
2.746408167882799, 0.09257226756325473
2.7546099892527858, 0.08917046973774134
2.764178780851104, 0.08558648241298744
2.7751145426777533, 0.08183245643546713
2.7860503045044025, 0.07833359823390193
2.7969860663310517, 0.07512636034771406
2.8079218281577014, 0.07162750214614891
2.8188575899843507, 0.06809219140516154
2.829793351811, 0.06422880780937473
2.8420960838659806, 0.06031446385626721
2.855765786149292, 0.056932400176593595
2.869435488432604, 0.05372530868614639
2.8844721609442465, 0.05029471481844691
2.9022427739125516, 0.047157276330033804
2.9186464166525257, 0.043871177149724855
2.9323161189358373, 0.040343303312362605
2.945985821219149, 0.03681542947500033
2.9596555235024606, 0.03305425938533624
2.9746921960141033, 0.029594503486099016
2.9910958387540774, 0.0265819719349773
3.0074994814940514, 0.02330212176142643
3.0239031242340255, 0.019803556351342566
3.0416737372023306, 0.016648759510823702
3.0594443501706357, 0.013292605785877626
3.083366329166431, 0.010802963221427125
3.1111939373860293, 0.010820075837825377
3.143133305260688, 0.011604069180109255
3.1729028791221223, 0.01315634272184718
3.2125450157437263, 0.017225527358473824
3.238126887159638, 0.020325363055216733
3.2716285067238173, 0.022530510477937138
3.2959301996719272, 0.025181853528227244
3.3150677828685633, 0.028661492060412658
3.332838395836869, 0.03189804046524661
3.3478750683485115, 0.03532052400891403
3.362911740860154, 0.038704124843864485
3.377948413371797, 0.04194191552112625
3.3902511454267774, 0.04512123573957194
3.401186907253427, 0.0486212651070623
3.410755698851745, 0.0519754111189937
3.418957520221732, 0.054989260231781245
3.427159341591719, 0.05810031611636124
3.4367281331900372, 0.06163672482540347
3.4476638950166865, 0.06542837450827116
3.4585996568433357, 0.06896485641518374
3.469535418669985, 0.0720639078490303
3.4804711804966346, 0.07534522197998772
3.491406942323284, 0.07884525134747808
3.503709674378264, 0.08225057731034119
3.5160124064332448, 0.08551738362340003
3.526948168259894, 0.08912677060915694
3.5378839300865432, 0.0927361575949138
3.550186662141524, 0.09628000320758112
3.5638563644248356, 0.09963436881312349
3.577526066708147, 0.10269711410328855
3.591195768991459, 0.10590566955114228
3.603498501046439, 0.10899750367497477
3.6144342628730888, 0.11224236526651
3.625370024699738, 0.11574239463400039
3.6363057865263873, 0.11924242400149078
3.6472415483530365, 0.122706000829559
3.6581773101796857, 0.12642474543358237
3.6691130720063354, 0.13025284765587225
3.6814158040613156, 0.1339352129183438
3.6950855063446273, 0.13728957852388615
3.707388238399608, 0.1406803234709804
3.718324000226257, 0.14425325791731508
3.7292597620529064, 0.14746166696942817
3.7401955238795557, 0.15059717094269692
3.7524982559345363, 0.1540899830001732
3.7689018986745104, 0.15756114312760716
3.7889507953567003, 0.1607214367796262
3.817771084337349, 0.16368778657439492
3.8454522314610555, 0.16642725957008936
3.8712293843381573, 0.1688773247431774
3.9013027293614426, 0.17004541635783382
3.9333288889966305, 0.17150523285625374
3.9657456115541985, 0.17364725350610855
3.998894639591229, 0.17423226918521856
4.026234044157852, 0.17204658077729523
4.064509210551125, 0.16829401875718142
4.084672021419009, 0.165257386807255
4.099708693930652, 0.1619823237744234
4.113378396213964, 0.1588627183785894
4.125681128268944, 0.15572116826123175
4.137983860323925, 0.15227341681272794
4.153020532835567, 0.14873589549605676
4.1707911458038724, 0.1455637403034321
4.187194788543847, 0.14221515105554228
4.200864490827159, 0.13900805956509507
4.21453419311047, 0.13591761620079879
4.228203895393782, 0.13268136267881384
4.241873597677094, 0.12941594712529114
4.256910270188736, 0.12606797901361524
4.271946942700379, 0.1229144244455242
4.286983615212022, 0.11950813227077281
4.302020287723665, 0.11617960551345538
4.314323019778645, 0.11235274765496103
4.325258781605294, 0.10838000644090773
4.336194543431944, 0.10455307538454309
4.3471303052585935, 0.10087195448586705
4.358066067085242, 0.09737309628430188
4.369001828911892, 0.0938742380827367
4.379937590738541, 0.09022956972348287
4.39087335256519, 0.08687652167960636
4.40180911439184, 0.08337766347804118
4.412744876218489, 0.079878805276476
4.423680638045139, 0.0763799470749108
4.434616399871787, 0.07284463633392349
4.445552161698437, 0.06938223067178045
4.456487923525087, 0.0658833724702153
4.470157625808398, 0.06245756574323508
4.487928238776703, 0.05938608899282402
4.5056988517450085, 0.055970916870718285
4.523469464713314, 0.05259740479366645
4.541240077681619, 0.04911974260397986
4.559010690649924, 0.045496270256604576
4.57814827384656, 0.041956191197207476
4.598652827271527, 0.03869739063979452
4.622346977895934, 0.035029103767715564
4.638294963893132, 0.03154023463552086
4.654698606633105, 0.02812915532005017
4.674226752752122, 0.025193167827611884
4.700871823234514, 0.022380227117061918
4.734894193361867, 0.021183165411949922
4.765081452570847, 0.020881010703068248
4.797254073301927, 0.02320007347335387
4.829063253535792, 0.026761396181338826
4.8576936855402835, 0.029598126780680106
4.888177121632069, 0.03193272161620689
4.913055979787695, 0.03488670951064213
4.932466957029998, 0.03791330969244039
4.962462189468808, 0.04149767973748772
4.982771461432585, 0.044935720965650905
4.995074193487565, 0.04724851224697538
