(
(0	31000000)
(0.01	33612000)
(0.02	36224000)
(0.03	38836000)
(0.04	41448000)
(0.05	44060000)
(0.06	46672000)
(0.07	49284000)
(0.08	51896000)
(0.09	54508000)
(0.1	57120000)
(0.11	59732000)
(0.12	62344000)
(0.13	64956000)
(0.14	67568000)
(0.15	70180000)
(0.16	72792000)
(0.17	75404000)
(0.18	78016000)
(0.19	80628000)
(0.2	83240000)
(0.21	85852000)
(0.22	88464000)
(0.23	91076000)
(0.24	93688000)
(0.25	96300000)
(0.26	98912000)
(0.27	101524000)
(0.28	104136000)
(0.29	106748000)
(0.3	109360000)
(0.31	111972000)
(0.32	114584000)
(0.33	117196000)
(0.34	119808000)
(0.35	122420000)
(0.36	125032000)
(0.37	127644000)
(0.38	130256000)
(0.39	132868000)
(0.4	135480000)
(0.41	138092000)
(0.42	140704000)
(0.43	143316000)
(0.44	145928000)
(0.45	148540000)
(0.46	151152000)
(0.47	153764000)
(0.48	156376000)
(0.49	158988000)
(0.5	161600000)
(0.51	164212000)
(0.52	166824000)
(0.53	169436000)
(0.54	172048000)
(0.55	174660000)
(0.56	177272000)
(0.57	179884000)
(0.58	182496000)
(0.59	185108000)
(0.6	187720000)
(0.61	190332000)
(0.62	192944000)
(0.63	195556000)
(0.64	198168000)
(0.65	200780000)
(0.66	203392000)
(0.67	206004000)
(0.68	208616000)
(0.69	211228000)
(0.7	213840000)
(0.71	216452000)
(0.72	219064000)
(0.73	221676000)
(0.74	224288000)
(0.75	226900000)
(0.76	229512000)
(0.77	232124000)
(0.78	234736000)
(0.79	237348000)
(0.8	239960000)
(0.81	242572000)
(0.82	245184000)
(0.83	247796000)
(0.84	250408000)
(0.85	253020000)
(0.86	255632000)
(0.87	258244000)
(0.88	260856000)
(0.89	263468000)
(0.9	266080000)
(0.91	268692000)
(0.92	271304000)
(0.93	273916000)
(0.94	276528000)
(0.95	279140000)
(0.96	281752000)
(0.97	284364000)
(0.98	286976000)
(0.99	289588000)
(1	292200000)
(1.01	294812000)
(1.02	297424000)
(1.03	300036000)
(1.04	302648000)
(1.05	305260000)
(1.06	307872000)
(1.07	310484000)
(1.08	313096000)
(1.09	315708000)
(1.1	318320000)
(1.11	320932000)
(1.12	323544000)
(1.13	326156000)
(1.14	328768000)
(1.15	331380000)
(1.16	333992000)
(1.17	336604000)
(1.18	339216000)
(1.19	341828000)
(1.2	344440000)
(1.21	347052000)
(1.22	349664000)
(1.23	352276000)
(1.24	354888000)
(1.25	357500000)
(1.26	360112000)
(1.27	362724000)
(1.28	365336000)
(1.29	367948000)
(1.3	370560000)
(1.31	373172000)
(1.32	375784000)
(1.33	378396000)
(1.34	381008000)
(1.35	383620000)
(1.36	386232000)
(1.37	388844000)
(1.38	391456000)
(1.39	394068000)
(1.4	396680000)
(1.41	399292000)
(1.42	401904000)
(1.43	404516000)
(1.44	407128000)
(1.45	409740000)
(1.46	412352000)
(1.47	414964000)
(1.48	417576000)
(1.49	420188000)
(1.5	422800000)
(1.51	425412000)
(1.52	428024000)
(1.53	430636000)
(1.54	433248000)
(1.55	435860000)
(1.56	438472000)
(1.57	441084000)
(1.58	443696000)
(1.59	446308000)
(1.6	448920000)
(1.61	451532000)
(1.62	454144000)
(1.63	456756000)
(1.64	459368000)
(1.65	461980000)
(1.66	464592000)
(1.67	467204000)
(1.68	469816000)
(1.69	472428000)
(1.7	475040000)
(1.71	477652000)
(1.72	480264000)
(1.73	482876000)
(1.74	485488000)
(1.75	488100000)
(1.76	490712000)
(1.77	493324000)
(1.78	495936000)
(1.79	498548000)
(1.8	501160000)
(1.81	503772000)
(1.82	506384000)
(1.83	508996000)
(1.84	511608000)
(1.85	514220000)
(1.86	516832000)
(1.87	519444000)
(1.88	522056000)
(1.89	524668000)
(1.9	527280000)
(1.91	529892000)
(1.92	532504000)
(1.93	535116000)
(1.94	537728000)
(1.95	540340000)
(1.96	542952000)
(1.97	545564000)
(1.98	548176000)
(1.99	550788000)
(2	553400000)
(2.01	556012000)
(2.02	558624000)
(2.03	561236000)
(2.04	563848000)
(2.05	566460000)
(2.06	569072000)
(2.07	571684000)
(2.08	574296000)
(2.09	576908000)
(2.1	579520000)
(2.11	582132000)
(2.12	584744000)
(2.13	587356000)
(2.14	589968000)
(2.15	592580000)
(2.16	595192000)
(2.17	597804000)
(2.18	600416000)
(2.19	603028000)
(2.2	605640000)
(2.21	608252000)
(2.22	610864000)
(2.23	613476000)
(2.24	616088000)
(2.25	618700000)
(2.26	621312000)
(2.27	623924000)
(2.28	626536000)
(2.29	629148000)
(2.3	631760000)
(2.31	634372000)
(2.32	636984000)
(2.33	639596000)
(2.34	642208000)
(2.35	644820000)
(2.36	647432000)
(2.37	650044000)
(2.38	652656000)
(2.39	655268000)
(2.4	657880000)
(2.41	660492000)
(2.42	663104000)
(2.43	665716000)
(2.44	668328000)
(2.45	670940000)
(2.46	673552000)
(2.47	676164000)
(2.48	678776000)
(2.49	681388000)
(2.5	684000000)
(2.51	686612000)
(2.52	689224000)
(2.53	691836000)
(2.54	694448000)
(2.55	697060000)
(2.56	699672000)
(2.57	702284000)
(2.58	704896000)
(2.59	707508000)
(2.6	710120000)
(2.61	712732000)
(2.62	715344000)
(2.63	717956000)
(2.64	720568000)
(2.65	723180000)
(2.66	725792000)
(2.67	728404000)
(2.68	731016000)
(2.69	733628000)
(2.7	736240000)
(2.71	738852000)
(2.72	741464000)
(2.73	744076000)
(2.74	746688000)
(2.75	749300000)
(2.76	751912000)
(2.77	754524000)
(2.78	757136000)
(2.79	759748000)
(2.8	762360000)
(2.81	764972000)
(2.82	767584000)
(2.83	770196000)
(2.84	772808000)
(2.85	775420000)
(2.86	778032000)
(2.87	780644000)
(2.88	783256000)
(2.89	785868000)
(2.9	788480000)
(2.91	791092000)
(2.92	793704000)
(2.93	796316000)
(2.94	798928000)
(2.95	801540000)
(2.96	804152000)
(2.97	806764000)
(2.98	809376000)
(2.99	811988000)
(3	814600000)
(3.01	817212000)
(3.02	819824000)
(3.03	822436000)
(3.04	825048000)
(3.05	827660000)
(3.06	830272000)
(3.07	832884000)
(3.08	835496000)
(3.09	838108000)
(3.1	840720000)
(3.11	843332000)
(3.12	845944000)
(3.13	848556000)
(3.14	851168000)
(3.15	853780000)
(3.16	856392000)
(3.17	859004000)
(3.18	861616000)
(3.19	864228000)
(3.2	866840000)
(3.21	869452000)
(3.22	872064000)
(3.23	874676000)
(3.24	877288000)
(3.25	879900000)
(3.26	882512000)
(3.27	885124000)
(3.28	887736000)
(3.29	890348000)
(3.3	892960000)
(3.31	895572000)
(3.32	898184000)
(3.33	900796000)
(3.34	903408000)
(3.35	906020000)
(3.36	908632000)
(3.37	911244000)
(3.38	913856000)
(3.39	916468000)
(3.4	919080000)
(3.41	921692000)
(3.42	924304000)
(3.43	926916000)
(3.44	929528000)
(3.45	932140000)
(3.46	934752000)
(3.47	937364000)
(3.48	939976000)
(3.49	942588000)
(3.5	945200000)
(3.51	947812000)
(3.52	950424000)
(3.53	953036000)
(3.54	955648000)
(3.55	958260000)
(3.56	960872000)
(3.57	963484000)
(3.58	966096000)
(3.59	968708000)
(3.6	971320000)
(3.61	973932000)
(3.62	976544000)
)
