FoamFile
{
    version 2.0;
    format  ascii;
    class   vectorField;
    object  points;
}
// ******************************************************************************************//

2681
(
(2.15 0 0)
(2.29269 0 0)
(2.44251 0 0)
(2.59983 0 0)
(2.76501 0 0)
(2.93845 0 0)
(3.12057 0 0)
(3.31178 0 0)
(3.51256 0 0)
(3.72338 0 0)
(3.94474 0 0)
(4.17717 0 0)
(4.42122 0 0)
(4.67747 0 0)
(4.94653 0 0)
(5.22905 0 0)
(5.52569 0 0)
(5.83717 0 0)
(6.16422 0 0)
(6.50762 0 0)
(6.86819 0 0)
(7.24679 0 0)
(7.64432 0 0)
(8.06172 0 0)
(8.5 0 0)
(2.14337 0.168687 0)
(2.28621 0.182311 0)
(2.43619 0.196617 0)
(2.59367 0.211638 0)
(2.75903 0.22741 0)
(2.93265 0.24397 0)
(3.11495 0.261359 0)
(3.30637 0.279617 0)
(3.50736 0.298788 0)
(3.7184 0.318917 0)
(3.93999 0.340053 0)
(4.17266 0.362246 0)
(4.41696 0.385548 0)
(4.67348 0.410016 0)
(4.94282 0.435707 0)
(5.22564 0.462682 0)
(5.52259 0.491006 0)
(5.83439 0.520746 0)
(6.16178 0.551974 0)
(6.50554 0.584763 0)
(6.86649 0.619191 0)
(7.24548 0.65534 0)
(7.64342 0.693297 0)
(8.06127 0.733152 0)
(8.5 0.775 0)
(2.12353 0.336334 0)
(2.26681 0.363606 0)
(2.41726 0.392242 0)
(2.57524 0.42231 0)
(2.74111 0.453881 0)
(2.91527 0.48703 0)
(3.09814 0.521837 0)
(3.29016 0.558384 0)
(3.49177 0.596759 0)
(3.70347 0.637052 0)
(3.92575 0.67936 0)
(4.15915 0.723784 0)
(4.40422 0.770429 0)
(4.66154 0.819406 0)
(4.93172 0.870831 0)
(5.21541 0.924828 0)
(5.51329 0.981525 0)
(5.82607 1.04106 0)
(6.15448 1.10357 0)
(6.49931 1.1692 0)
(6.86139 1.23811 0)
(7.24156 1.31048 0)
(7.64075 1.38645 0)
(8.0599 1.46623 0)
(8.5 1.55 0)
(2.0906 0.501908 0)
(2.23462 0.542874 0)
(2.38585 0.585889 0)
(2.54463 0.631055 0)
(2.71136 0.678478 0)
(2.88642 0.728273 0)
(3.07024 0.780558 0)
(3.26325 0.835457 0)
(3.46591 0.893101 0)
(3.6787 0.953628 0)
(3.90213 1.01718 0)
(4.13673 1.08391 0)
(4.38306 1.15398 0)
(4.64171 1.22755 0)
(4.91329 1.3048 0)
(5.19845 1.38591 0)
(5.49787 1.47107 0)
(5.81226 1.5605 0)
(6.14236 1.65439 0)
(6.48898 1.75298 0)
(6.85292 1.8565 0)
(7.23506 1.9652 0)
(7.63631 2.07933 0)
(8.05762 2.19917 0)
(8.5 2.325 0)
(2.04477 0.664387 0)
(2.17992 0.711613 0)
(2.32182 0.761201 0)
(2.47081 0.813269 0)
(2.62726 0.86794 0)
(2.79152 0.925344 0)
(2.96401 0.985619 0)
(3.14511 1.04891 0)
(3.33527 1.11536 0)
(3.53494 1.18514 0)
(3.74459 1.2584 0)
(3.96473 1.33533 0)
(4.19587 1.4161 0)
(4.43857 1.50091 0)
(4.6934 1.58997 0)
(4.96097 1.68347 0)
(5.24193 1.78165 0)
(5.53693 1.88474 0)
(5.84668 1.99299 0)
(6.17192 2.10664 0)
(6.51342 2.22598 0)
(6.872 2.35129 0)
(7.2485 2.48286 0)
(7.64383 2.62101 0)
(8.05893 2.76607 0)
(1.98634 0.822769 0)
(2.11289 0.876348 0)
(2.24576 0.932606 0)
(2.38527 0.991677 0)
(2.53177 1.0537 0)
(2.68558 1.11883 0)
(2.84709 1.18721 0)
(3.01667 1.25901 0)
(3.19474 1.3344 0)
(3.3817 1.41356 0)
(3.57801 1.49668 0)
(3.78414 1.58396 0)
(4.00058 1.67559 0)
(4.22783 1.77181 0)
(4.46645 1.87284 0)
(4.71701 1.97893 0)
(4.98008 2.09031 0)
(5.25632 2.20727 0)
(5.54636 2.33007 0)
(5.85091 2.45902 0)
(6.17068 2.59441 0)
(6.50644 2.73657 0)
(6.85899 2.88584 0)
(7.22917 3.04257 0)
(7.61786 3.20714 0)
(1.91566 0.97608 0)
(2.03389 1.03612 0)
(2.15802 1.09917 0)
(2.28836 1.16537 0)
(2.42522 1.23488 0)
(2.56892 1.30787 0)
(2.7198 1.3845 0)
(2.87823 1.46497 0)
(3.04458 1.54946 0)
(3.21925 1.63817 0)
(3.40265 1.73132 0)
(3.59522 1.82913 0)
(3.79742 1.93183 0)
(4.00973 2.03966 0)
(4.23266 2.15288 0)
(4.46673 2.27177 0)
(4.7125 2.3966 0)
(4.97057 2.52767 0)
(5.24153 2.6653 0)
(5.52605 2.8098 0)
(5.82479 2.96153 0)
(6.13847 3.12085 0)
(6.46783 3.28814 0)
(6.81366 3.46378 0)
(7.17679 3.64821 0)
(1.83318 1.12337 0)
(1.94334 1.19002 0)
(2.05901 1.26 0)
(2.18047 1.33348 0)
(2.308 1.41063 0)
(2.4419 1.49164 0)
(2.58251 1.5767 0)
(2.73014 1.66601 0)
(2.88515 1.75979 0)
(3.04791 1.85826 0)
(3.21881 1.96165 0)
(3.39826 2.07021 0)
(3.58668 2.1842 0)
(3.78452 2.30388 0)
(3.99225 2.42956 0)
(4.21037 2.56151 0)
(4.43939 2.70007 0)
(4.67987 2.84555 0)
(4.93236 2.9983 0)
(5.19749 3.1587 0)
(5.47587 3.32711 0)
(5.76817 3.50394 0)
(6.07508 3.68962 0)
(6.39734 3.88458 0)
(6.73571 4.08929 0)
(1.73939 1.26374 0)
(1.84175 1.33714 0)
(1.94923 1.41422 0)
(2.06208 1.49514 0)
(2.18057 1.58012 0)
(2.30499 1.66934 0)
(2.43564 1.76303 0)
(2.57281 1.86139 0)
(2.71684 1.96468 0)
(2.86807 2.07313 0)
(3.02687 2.187 0)
(3.1936 2.30657 0)
(3.36867 2.43212 0)
(3.5525 2.56394 0)
(3.74552 2.70235 0)
(3.94818 2.84769 0)
(4.16098 3.00029 0)
(4.38442 3.16052 0)
(4.61904 3.32876 0)
(4.86538 3.50542 0)
(5.12404 3.69091 0)
(5.39563 3.88567 0)
(5.68081 4.09017 0)
(5.98024 4.3049 0)
(6.29464 4.53036 0)
(1.63487 1.39631 0)
(1.72967 1.47665 0)
(1.82921 1.561 0)
(1.93372 1.64957 0)
(2.04346 1.74257 0)
(2.15869 1.84022 0)
(2.27968 1.94275 0)
(2.40672 2.05041 0)
(2.54011 2.16345 0)
(2.68017 2.28214 0)
(2.82723 2.40677 0)
(2.98165 2.53763 0)
(3.14378 2.67503 0)
(3.31403 2.8193 0)
(3.49278 2.97079 0)
(3.68048 3.12985 0)
(3.87755 3.29686 0)
(4.08449 3.47223 0)
(4.30177 3.65636 0)
(4.52991 3.8497 0)
(4.76946 4.0527 0)
(5.02098 4.26586 0)
(5.28509 4.48967 0)
(5.5624 4.72467 0)
(5.85357 4.97143 0)
(1.52028 1.52028 0)
(1.60774 1.60774 0)
(1.69958 1.69958 0)
(1.796 1.796 0)
(1.89725 1.89725 0)
(2.00356 2.00356 0)
(2.11519 2.11519 0)
(2.23239 2.23239 0)
(2.35546 2.35546 0)
(2.48468 2.48468 0)
(2.62036 2.62036 0)
(2.76283 2.76283 0)
(2.91242 2.91242 0)
(3.06949 3.06949 0)
(3.23441 3.23441 0)
(3.40758 3.40758 0)
(3.5894 3.5894 0)
(3.78032 3.78032 0)
(3.98079 3.98079 0)
(4.19127 4.19127 0)
(4.41228 4.41228 0)
(4.64435 4.64435 0)
(4.88801 4.88801 0)
(5.14386 5.14386 0)
(5.4125 5.4125 0)
(1.39631 1.63487 0)
(1.47665 1.72967 0)
(1.561 1.82921 0)
(1.64957 1.93372 0)
(1.74257 2.04346 0)
(1.84022 2.15869 0)
(1.94275 2.27968 0)
(2.05041 2.40672 0)
(2.16345 2.54011 0)
(2.28214 2.68017 0)
(2.40677 2.82723 0)
(2.53763 2.98165 0)
(2.67503 3.14378 0)
(2.8193 3.31403 0)
(2.97079 3.49278 0)
(3.12985 3.68048 0)
(3.29686 3.87755 0)
(3.47223 4.08449 0)
(3.65636 4.30177 0)
(3.8497 4.52991 0)
(4.0527 4.76946 0)
(4.26586 5.02098 0)
(4.48967 5.28509 0)
(4.72467 5.5624 0)
(4.97143 5.85357 0)
(1.26374 1.73939 0)
(1.33714 1.84175 0)
(1.41422 1.94923 0)
(1.49514 2.06208 0)
(1.58012 2.18057 0)
(1.66934 2.30499 0)
(1.76303 2.43564 0)
(1.86139 2.57281 0)
(1.96468 2.71684 0)
(2.07313 2.86807 0)
(2.187 3.02687 0)
(2.30657 3.1936 0)
(2.43212 3.36867 0)
(2.56394 3.5525 0)
(2.70235 3.74552 0)
(2.84769 3.94818 0)
(3.00029 4.16098 0)
(3.16052 4.38442 0)
(3.32876 4.61904 0)
(3.50542 4.86538 0)
(3.69091 5.12404 0)
(3.88567 5.39563 0)
(4.09017 5.68081 0)
(4.3049 5.98024 0)
(4.53036 6.29464 0)
(1.12337 1.83318 0)
(1.19002 1.94334 0)
(1.26 2.05901 0)
(1.33348 2.18047 0)
(1.41063 2.308 0)
(1.49164 2.4419 0)
(1.5767 2.58251 0)
(1.66601 2.73014 0)
(1.75979 2.88515 0)
(1.85826 3.04791 0)
(1.96165 3.21881 0)
(2.07021 3.39826 0)
(2.1842 3.58668 0)
(2.30388 3.78452 0)
(2.42956 3.99225 0)
(2.56151 4.21037 0)
(2.70007 4.43939 0)
(2.84555 4.67987 0)
(2.9983 4.93236 0)
(3.1587 5.19749 0)
(3.32711 5.47587 0)
(3.50394 5.76817 0)
(3.68962 6.07508 0)
(3.88458 6.39734 0)
(4.08929 6.73571 0)
(0.97608 1.91566 0)
(1.03612 2.03389 0)
(1.09917 2.15802 0)
(1.16537 2.28836 0)
(1.23488 2.42522 0)
(1.30787 2.56892 0)
(1.3845 2.7198 0)
(1.46497 2.87823 0)
(1.54946 3.04458 0)
(1.63817 3.21925 0)
(1.73132 3.40265 0)
(1.82913 3.59522 0)
(1.93183 3.79742 0)
(2.03966 4.00973 0)
(2.15288 4.23266 0)
(2.27177 4.46673 0)
(2.3966 4.7125 0)
(2.52767 4.97057 0)
(2.6653 5.24153 0)
(2.8098 5.52605 0)
(2.96153 5.82479 0)
(3.12085 6.13847 0)
(3.28814 6.46783 0)
(3.46378 6.81366 0)
(3.64821 7.17679 0)
(0.822769 1.98634 0)
(0.876348 2.11289 0)
(0.932606 2.24576 0)
(0.991677 2.38527 0)
(1.0537 2.53177 0)
(1.11883 2.68558 0)
(1.18721 2.84709 0)
(1.25901 3.01667 0)
(1.3344 3.19474 0)
(1.41356 3.3817 0)
(1.49668 3.57801 0)
(1.58396 3.78414 0)
(1.67559 4.00058 0)
(1.77181 4.22783 0)
(1.87284 4.46645 0)
(1.97893 4.71701 0)
(2.09031 4.98008 0)
(2.20727 5.25632 0)
(2.33007 5.54636 0)
(2.45902 5.85091 0)
(2.59441 6.17068 0)
(2.73657 6.50644 0)
(2.88584 6.85899 0)
(3.04257 7.22917 0)
(3.20714 7.61786 0)
(0.664387 2.04477 0)
(0.711613 2.17992 0)
(0.761201 2.32182 0)
(0.813269 2.47081 0)
(0.86794 2.62726 0)
(0.925344 2.79152 0)
(0.985619 2.96401 0)
(1.04891 3.14511 0)
(1.11536 3.33527 0)
(1.18514 3.53494 0)
(1.2584 3.74459 0)
(1.33533 3.96473 0)
(1.4161 4.19587 0)
(1.50091 4.43857 0)
(1.58997 4.6934 0)
(1.68347 4.96097 0)
(1.78165 5.24193 0)
(1.88474 5.53693 0)
(1.99299 5.84668 0)
(2.10664 6.17192 0)
(2.22598 6.51342 0)
(2.35129 6.872 0)
(2.48286 7.2485 0)
(2.62101 7.64383 0)
(2.76607 8.05893 0)
(0.501908 2.0906 0)
(0.542874 2.23462 0)
(0.585889 2.38585 0)
(0.631055 2.54463 0)
(0.678478 2.71136 0)
(0.728273 2.88642 0)
(0.780558 3.07024 0)
(0.835457 3.26325 0)
(0.893101 3.46591 0)
(0.953628 3.6787 0)
(1.01718 3.90213 0)
(1.08391 4.13673 0)
(1.15398 4.38306 0)
(1.22755 4.64171 0)
(1.3048 4.91329 0)
(1.38591 5.19845 0)
(1.47107 5.49787 0)
(1.5605 5.81226 0)
(1.65439 6.14236 0)
(1.75298 6.48898 0)
(1.8565 6.85292 0)
(1.9652 7.23506 0)
(2.07933 7.63631 0)
(2.19917 8.05762 0)
(2.325 8.5 0)
(0.336334 2.12353 0)
(0.363606 2.26681 0)
(0.392242 2.41726 0)
(0.42231 2.57524 0)
(0.453881 2.74111 0)
(0.48703 2.91527 0)
(0.521837 3.09814 0)
(0.558384 3.29016 0)
(0.596759 3.49177 0)
(0.637052 3.70347 0)
(0.67936 3.92575 0)
(0.723784 4.15915 0)
(0.770429 4.40422 0)
(0.819406 4.66154 0)
(0.870831 4.93172 0)
(0.924828 5.21541 0)
(0.981525 5.51329 0)
(1.04106 5.82607 0)
(1.10357 6.15448 0)
(1.1692 6.49931 0)
(1.23811 6.86139 0)
(1.31048 7.24156 0)
(1.38645 7.64075 0)
(1.46623 8.0599 0)
(1.55 8.5 0)
(0.168687 2.14337 0)
(0.182311 2.28621 0)
(0.196617 2.43619 0)
(0.211638 2.59367 0)
(0.22741 2.75903 0)
(0.24397 2.93265 0)
(0.261359 3.11495 0)
(0.279617 3.30637 0)
(0.298788 3.50736 0)
(0.318917 3.7184 0)
(0.340053 3.93999 0)
(0.362246 4.17266 0)
(0.385548 4.41696 0)
(0.410016 4.67348 0)
(0.435707 4.94282 0)
(0.462682 5.22564 0)
(0.491006 5.52259 0)
(0.520746 5.83439 0)
(0.551974 6.16178 0)
(0.584763 6.50554 0)
(0.619191 6.86649 0)
(0.65534 7.24548 0)
(0.693297 7.64342 0)
(0.733152 8.06127 0)
(0.775 8.5 0)
(0 2.15 0)
(0 2.29269 0)
(0 2.44251 0)
(0 2.59983 0)
(0 2.76501 0)
(0 2.93845 0)
(0 3.12057 0)
(0 3.31178 0)
(0 3.51256 0)
(0 3.72338 0)
(0 3.94474 0)
(0 4.17717 0)
(0 4.42122 0)
(0 4.67747 0)
(0 4.94653 0)
(0 5.22905 0)
(0 5.52569 0)
(0 5.83717 0)
(0 6.16422 0)
(0 6.50762 0)
(0 6.86819 0)
(0 7.24679 0)
(0 7.64432 0)
(0 8.06172 0)
(0 8.5 0)
(-0.168687 2.14337 0)
(-0.182311 2.28621 0)
(-0.196617 2.43619 0)
(-0.211638 2.59367 0)
(-0.22741 2.75903 0)
(-0.24397 2.93265 0)
(-0.261359 3.11495 0)
(-0.279617 3.30637 0)
(-0.298788 3.50736 0)
(-0.318917 3.7184 0)
(-0.340053 3.93999 0)
(-0.362246 4.17266 0)
(-0.385548 4.41696 0)
(-0.410016 4.67348 0)
(-0.435707 4.94282 0)
(-0.462682 5.22564 0)
(-0.491006 5.52259 0)
(-0.520746 5.83439 0)
(-0.551974 6.16178 0)
(-0.584763 6.50554 0)
(-0.619191 6.86649 0)
(-0.65534 7.24548 0)
(-0.693297 7.64342 0)
(-0.733152 8.06127 0)
(-0.775 8.5 0)
(-0.336334 2.12353 0)
(-0.363606 2.26681 0)
(-0.392242 2.41726 0)
(-0.42231 2.57524 0)
(-0.453881 2.74111 0)
(-0.48703 2.91527 0)
(-0.521837 3.09814 0)
(-0.558384 3.29016 0)
(-0.596759 3.49177 0)
(-0.637052 3.70347 0)
(-0.67936 3.92575 0)
(-0.723784 4.15915 0)
(-0.770429 4.40422 0)
(-0.819406 4.66154 0)
(-0.870831 4.93172 0)
(-0.924828 5.21541 0)
(-0.981525 5.51329 0)
(-1.04106 5.82607 0)
(-1.10357 6.15448 0)
(-1.1692 6.49931 0)
(-1.23811 6.86139 0)
(-1.31048 7.24156 0)
(-1.38645 7.64075 0)
(-1.46623 8.0599 0)
(-1.55 8.5 0)
(-0.501908 2.0906 0)
(-0.542874 2.23462 0)
(-0.585889 2.38585 0)
(-0.631055 2.54463 0)
(-0.678478 2.71136 0)
(-0.728273 2.88642 0)
(-0.780558 3.07024 0)
(-0.835457 3.26325 0)
(-0.893101 3.46591 0)
(-0.953628 3.6787 0)
(-1.01718 3.90213 0)
(-1.08391 4.13673 0)
(-1.15398 4.38306 0)
(-1.22755 4.64171 0)
(-1.3048 4.91329 0)
(-1.38591 5.19845 0)
(-1.47107 5.49787 0)
(-1.5605 5.81226 0)
(-1.65439 6.14236 0)
(-1.75298 6.48898 0)
(-1.8565 6.85292 0)
(-1.9652 7.23506 0)
(-2.07933 7.63631 0)
(-2.19917 8.05762 0)
(-2.325 8.5 0)
(-0.664387 2.04477 0)
(-0.711613 2.17992 0)
(-0.761201 2.32182 0)
(-0.813269 2.47081 0)
(-0.86794 2.62726 0)
(-0.925344 2.79152 0)
(-0.985619 2.96401 0)
(-1.04891 3.14511 0)
(-1.11536 3.33527 0)
(-1.18514 3.53494 0)
(-1.2584 3.74459 0)
(-1.33533 3.96473 0)
(-1.4161 4.19587 0)
(-1.50091 4.43857 0)
(-1.58997 4.6934 0)
(-1.68347 4.96097 0)
(-1.78165 5.24193 0)
(-1.88474 5.53693 0)
(-1.99299 5.84668 0)
(-2.10664 6.17192 0)
(-2.22598 6.51342 0)
(-2.35129 6.872 0)
(-2.48286 7.2485 0)
(-2.62101 7.64383 0)
(-2.76607 8.05893 0)
(-0.822769 1.98634 0)
(-0.876348 2.11289 0)
(-0.932606 2.24576 0)
(-0.991677 2.38527 0)
(-1.0537 2.53177 0)
(-1.11883 2.68558 0)
(-1.18721 2.84709 0)
(-1.25901 3.01667 0)
(-1.3344 3.19474 0)
(-1.41356 3.3817 0)
(-1.49668 3.57801 0)
(-1.58396 3.78414 0)
(-1.67559 4.00058 0)
(-1.77181 4.22783 0)
(-1.87284 4.46645 0)
(-1.97893 4.71701 0)
(-2.09031 4.98008 0)
(-2.20727 5.25632 0)
(-2.33007 5.54636 0)
(-2.45902 5.85091 0)
(-2.59441 6.17068 0)
(-2.73657 6.50644 0)
(-2.88584 6.85899 0)
(-3.04257 7.22917 0)
(-3.20714 7.61786 0)
(-0.97608 1.91566 0)
(-1.03612 2.03389 0)
(-1.09917 2.15802 0)
(-1.16537 2.28836 0)
(-1.23488 2.42522 0)
(-1.30787 2.56892 0)
(-1.3845 2.7198 0)
(-1.46497 2.87823 0)
(-1.54946 3.04458 0)
(-1.63817 3.21925 0)
(-1.73132 3.40265 0)
(-1.82913 3.59522 0)
(-1.93183 3.79742 0)
(-2.03966 4.00973 0)
(-2.15288 4.23266 0)
(-2.27177 4.46673 0)
(-2.3966 4.7125 0)
(-2.52767 4.97057 0)
(-2.6653 5.24153 0)
(-2.8098 5.52605 0)
(-2.96153 5.82479 0)
(-3.12085 6.13847 0)
(-3.28814 6.46783 0)
(-3.46378 6.81366 0)
(-3.64821 7.17679 0)
(-1.12337 1.83318 0)
(-1.19002 1.94334 0)
(-1.26 2.05901 0)
(-1.33348 2.18047 0)
(-1.41063 2.308 0)
(-1.49164 2.4419 0)
(-1.5767 2.58251 0)
(-1.66601 2.73014 0)
(-1.75979 2.88515 0)
(-1.85826 3.04791 0)
(-1.96165 3.21881 0)
(-2.07021 3.39826 0)
(-2.1842 3.58668 0)
(-2.30388 3.78452 0)
(-2.42956 3.99225 0)
(-2.56151 4.21037 0)
(-2.70007 4.43939 0)
(-2.84555 4.67987 0)
(-2.9983 4.93236 0)
(-3.1587 5.19749 0)
(-3.32711 5.47587 0)
(-3.50394 5.76817 0)
(-3.68962 6.07508 0)
(-3.88458 6.39734 0)
(-4.08929 6.73571 0)
(-1.26374 1.73939 0)
(-1.33714 1.84175 0)
(-1.41422 1.94923 0)
(-1.49514 2.06208 0)
(-1.58012 2.18057 0)
(-1.66934 2.30499 0)
(-1.76303 2.43564 0)
(-1.86139 2.57281 0)
(-1.96468 2.71684 0)
(-2.07313 2.86807 0)
(-2.187 3.02687 0)
(-2.30657 3.1936 0)
(-2.43212 3.36867 0)
(-2.56394 3.5525 0)
(-2.70235 3.74552 0)
(-2.84769 3.94818 0)
(-3.00029 4.16098 0)
(-3.16052 4.38442 0)
(-3.32876 4.61904 0)
(-3.50542 4.86538 0)
(-3.69091 5.12404 0)
(-3.88567 5.39563 0)
(-4.09017 5.68081 0)
(-4.3049 5.98024 0)
(-4.53036 6.29464 0)
(-1.39631 1.63487 0)
(-1.47665 1.72967 0)
(-1.561 1.82921 0)
(-1.64957 1.93372 0)
(-1.74257 2.04346 0)
(-1.84022 2.15869 0)
(-1.94275 2.27968 0)
(-2.05041 2.40672 0)
(-2.16345 2.54011 0)
(-2.28214 2.68017 0)
(-2.40677 2.82723 0)
(-2.53763 2.98165 0)
(-2.67503 3.14378 0)
(-2.8193 3.31403 0)
(-2.97079 3.49278 0)
(-3.12985 3.68048 0)
(-3.29686 3.87755 0)
(-3.47223 4.08449 0)
(-3.65636 4.30177 0)
(-3.8497 4.52991 0)
(-4.0527 4.76946 0)
(-4.26586 5.02098 0)
(-4.48967 5.28509 0)
(-4.72467 5.5624 0)
(-4.97143 5.85357 0)
(-1.52028 1.52028 0)
(-1.60774 1.60774 0)
(-1.69958 1.69958 0)
(-1.796 1.796 0)
(-1.89725 1.89725 0)
(-2.00356 2.00356 0)
(-2.11519 2.11519 0)
(-2.23239 2.23239 0)
(-2.35546 2.35546 0)
(-2.48468 2.48468 0)
(-2.62036 2.62036 0)
(-2.76283 2.76283 0)
(-2.91242 2.91242 0)
(-3.06949 3.06949 0)
(-3.23441 3.23441 0)
(-3.40758 3.40758 0)
(-3.5894 3.5894 0)
(-3.78032 3.78032 0)
(-3.98079 3.98079 0)
(-4.19127 4.19127 0)
(-4.41228 4.41228 0)
(-4.64435 4.64435 0)
(-4.88801 4.88801 0)
(-5.14386 5.14386 0)
(-5.4125 5.4125 0)
(-1.63487 1.39631 0)
(-1.72967 1.47665 0)
(-1.82921 1.561 0)
(-1.93372 1.64957 0)
(-2.04346 1.74257 0)
(-2.15869 1.84022 0)
(-2.27968 1.94275 0)
(-2.40672 2.05041 0)
(-2.54011 2.16345 0)
(-2.68017 2.28214 0)
(-2.82723 2.40677 0)
(-2.98165 2.53763 0)
(-3.14378 2.67503 0)
(-3.31403 2.8193 0)
(-3.49278 2.97079 0)
(-3.68048 3.12985 0)
(-3.87755 3.29686 0)
(-4.08449 3.47223 0)
(-4.30177 3.65636 0)
(-4.52991 3.8497 0)
(-4.76946 4.0527 0)
(-5.02098 4.26586 0)
(-5.28509 4.48967 0)
(-5.5624 4.72467 0)
(-5.85357 4.97143 0)
(-1.73939 1.26374 0)
(-1.84175 1.33714 0)
(-1.94923 1.41422 0)
(-2.06208 1.49514 0)
(-2.18057 1.58012 0)
(-2.30499 1.66934 0)
(-2.43564 1.76303 0)
(-2.57281 1.86139 0)
(-2.71684 1.96468 0)
(-2.86807 2.07313 0)
(-3.02687 2.187 0)
(-3.1936 2.30657 0)
(-3.36867 2.43212 0)
(-3.5525 2.56394 0)
(-3.74552 2.70235 0)
(-3.94818 2.84769 0)
(-4.16098 3.00029 0)
(-4.38442 3.16052 0)
(-4.61904 3.32876 0)
(-4.86538 3.50542 0)
(-5.12404 3.69091 0)
(-5.39563 3.88567 0)
(-5.68081 4.09017 0)
(-5.98024 4.3049 0)
(-6.29464 4.53036 0)
(-1.83318 1.12337 0)
(-1.94334 1.19002 0)
(-2.05901 1.26 0)
(-2.18047 1.33348 0)
(-2.308 1.41063 0)
(-2.4419 1.49164 0)
(-2.58251 1.5767 0)
(-2.73014 1.66601 0)
(-2.88515 1.75979 0)
(-3.04791 1.85826 0)
(-3.21881 1.96165 0)
(-3.39826 2.07021 0)
(-3.58668 2.1842 0)
(-3.78452 2.30388 0)
(-3.99225 2.42956 0)
(-4.21037 2.56151 0)
(-4.43939 2.70007 0)
(-4.67987 2.84555 0)
(-4.93236 2.9983 0)
(-5.19749 3.1587 0)
(-5.47587 3.32711 0)
(-5.76817 3.50394 0)
(-6.07508 3.68962 0)
(-6.39734 3.88458 0)
(-6.73571 4.08929 0)
(-1.91566 0.97608 0)
(-2.03389 1.03612 0)
(-2.15802 1.09917 0)
(-2.28836 1.16537 0)
(-2.42522 1.23488 0)
(-2.56892 1.30787 0)
(-2.7198 1.3845 0)
(-2.87823 1.46497 0)
(-3.04458 1.54946 0)
(-3.21925 1.63817 0)
(-3.40265 1.73132 0)
(-3.59522 1.82913 0)
(-3.79742 1.93183 0)
(-4.00973 2.03966 0)
(-4.23266 2.15288 0)
(-4.46673 2.27177 0)
(-4.7125 2.3966 0)
(-4.97057 2.52767 0)
(-5.24153 2.6653 0)
(-5.52605 2.8098 0)
(-5.82479 2.96153 0)
(-6.13847 3.12085 0)
(-6.46783 3.28814 0)
(-6.81366 3.46378 0)
(-7.17679 3.64821 0)
(-1.98634 0.822769 0)
(-2.11289 0.876348 0)
(-2.24576 0.932606 0)
(-2.38527 0.991677 0)
(-2.53177 1.0537 0)
(-2.68558 1.11883 0)
(-2.84709 1.18721 0)
(-3.01667 1.25901 0)
(-3.19474 1.3344 0)
(-3.3817 1.41356 0)
(-3.57801 1.49668 0)
(-3.78414 1.58396 0)
(-4.00058 1.67559 0)
(-4.22783 1.77181 0)
(-4.46645 1.87284 0)
(-4.71701 1.97893 0)
(-4.98008 2.09031 0)
(-5.25632 2.20727 0)
(-5.54636 2.33007 0)
(-5.85091 2.45902 0)
(-6.17068 2.59441 0)
(-6.50644 2.73657 0)
(-6.85899 2.88584 0)
(-7.22917 3.04257 0)
(-7.61786 3.20714 0)
(-2.04477 0.664387 0)
(-2.17992 0.711613 0)
(-2.32182 0.761201 0)
(-2.47081 0.813269 0)
(-2.62726 0.86794 0)
(-2.79152 0.925344 0)
(-2.96401 0.985619 0)
(-3.14511 1.04891 0)
(-3.33527 1.11536 0)
(-3.53494 1.18514 0)
(-3.74459 1.2584 0)
(-3.96473 1.33533 0)
(-4.19587 1.4161 0)
(-4.43857 1.50091 0)
(-4.6934 1.58997 0)
(-4.96097 1.68347 0)
(-5.24193 1.78165 0)
(-5.53693 1.88474 0)
(-5.84668 1.99299 0)
(-6.17192 2.10664 0)
(-6.51342 2.22598 0)
(-6.872 2.35129 0)
(-7.2485 2.48286 0)
(-7.64383 2.62101 0)
(-8.05893 2.76607 0)
(-2.0906 0.501908 0)
(-2.23462 0.542874 0)
(-2.38585 0.585889 0)
(-2.54463 0.631055 0)
(-2.71136 0.678478 0)
(-2.88642 0.728273 0)
(-3.07024 0.780558 0)
(-3.26325 0.835457 0)
(-3.46591 0.893101 0)
(-3.6787 0.953628 0)
(-3.90213 1.01718 0)
(-4.13673 1.08391 0)
(-4.38306 1.15398 0)
(-4.64171 1.22755 0)
(-4.91329 1.3048 0)
(-5.19845 1.38591 0)
(-5.49787 1.47107 0)
(-5.81226 1.5605 0)
(-6.14236 1.65439 0)
(-6.48898 1.75298 0)
(-6.85292 1.8565 0)
(-7.23506 1.9652 0)
(-7.63631 2.07933 0)
(-8.05762 2.19917 0)
(-8.5 2.325 0)
(-2.12353 0.336334 0)
(-2.26681 0.363606 0)
(-2.41726 0.392242 0)
(-2.57524 0.42231 0)
(-2.74111 0.453881 0)
(-2.91527 0.48703 0)
(-3.09814 0.521837 0)
(-3.29016 0.558384 0)
(-3.49177 0.596759 0)
(-3.70347 0.637052 0)
(-3.92575 0.67936 0)
(-4.15915 0.723784 0)
(-4.40422 0.770429 0)
(-4.66154 0.819406 0)
(-4.93172 0.870831 0)
(-5.21541 0.924828 0)
(-5.51329 0.981525 0)
(-5.82607 1.04106 0)
(-6.15448 1.10357 0)
(-6.49931 1.1692 0)
(-6.86139 1.23811 0)
(-7.24156 1.31048 0)
(-7.64075 1.38645 0)
(-8.0599 1.46623 0)
(-8.5 1.55 0)
(-2.14337 0.168687 0)
(-2.28621 0.182311 0)
(-2.43619 0.196617 0)
(-2.59367 0.211638 0)
(-2.75903 0.22741 0)
(-2.93265 0.24397 0)
(-3.11495 0.261359 0)
(-3.30637 0.279617 0)
(-3.50736 0.298788 0)
(-3.7184 0.318917 0)
(-3.93999 0.340053 0)
(-4.17266 0.362246 0)
(-4.41696 0.385548 0)
(-4.67348 0.410016 0)
(-4.94282 0.435707 0)
(-5.22564 0.462682 0)
(-5.52259 0.491006 0)
(-5.83439 0.520746 0)
(-6.16178 0.551974 0)
(-6.50554 0.584763 0)
(-6.86649 0.619191 0)
(-7.24548 0.65534 0)
(-7.64342 0.693297 0)
(-8.06127 0.733152 0)
(-8.5 0.775 0)
(-2.15 0 0)
(-2.29269 0 0)
(-2.44251 0 0)
(-2.59983 0 0)
(-2.76501 0 0)
(-2.93845 0 0)
(-3.12057 0 0)
(-3.31178 0 0)
(-3.51256 0 0)
(-3.72338 0 0)
(-3.94474 0 0)
(-4.17717 0 0)
(-4.42122 0 0)
(-4.67747 0 0)
(-4.94653 0 0)
(-5.22905 0 0)
(-5.52569 0 0)
(-5.83717 0 0)
(-6.16422 0 0)
(-6.50762 0 0)
(-6.86819 0 0)
(-7.24679 0 0)
(-7.64432 0 0)
(-8.06172 0 0)
(-8.5 0 0)
(-2.14337 -0.168687 0)
(-2.28621 -0.182311 0)
(-2.43619 -0.196617 0)
(-2.59367 -0.211638 0)
(-2.75903 -0.22741 0)
(-2.93265 -0.24397 0)
(-3.11495 -0.261359 0)
(-3.30637 -0.279617 0)
(-3.50736 -0.298788 0)
(-3.7184 -0.318917 0)
(-3.93999 -0.340053 0)
(-4.17266 -0.362246 0)
(-4.41696 -0.385548 0)
(-4.67348 -0.410016 0)
(-4.94282 -0.435707 0)
(-5.22564 -0.462682 0)
(-5.52259 -0.491006 0)
(-5.83439 -0.520746 0)
(-6.16178 -0.551974 0)
(-6.50554 -0.584763 0)
(-6.86649 -0.619191 0)
(-7.24548 -0.65534 0)
(-7.64342 -0.693297 0)
(-8.06127 -0.733152 0)
(-8.5 -0.775 0)
(-2.12353 -0.336334 0)
(-2.26681 -0.363606 0)
(-2.41726 -0.392242 0)
(-2.57524 -0.42231 0)
(-2.74111 -0.453881 0)
(-2.91527 -0.48703 0)
(-3.09814 -0.521837 0)
(-3.29016 -0.558384 0)
(-3.49177 -0.596759 0)
(-3.70347 -0.637052 0)
(-3.92575 -0.67936 0)
(-4.15915 -0.723784 0)
(-4.40422 -0.770429 0)
(-4.66154 -0.819406 0)
(-4.93172 -0.870831 0)
(-5.21541 -0.924828 0)
(-5.51329 -0.981525 0)
(-5.82607 -1.04106 0)
(-6.15448 -1.10357 0)
(-6.49931 -1.1692 0)
(-6.86139 -1.23811 0)
(-7.24156 -1.31048 0)
(-7.64075 -1.38645 0)
(-8.0599 -1.46623 0)
(-8.5 -1.55 0)
(-2.0906 -0.501908 0)
(-2.23462 -0.542874 0)
(-2.38585 -0.585889 0)
(-2.54463 -0.631055 0)
(-2.71136 -0.678478 0)
(-2.88642 -0.728273 0)
(-3.07024 -0.780558 0)
(-3.26325 -0.835457 0)
(-3.46591 -0.893101 0)
(-3.6787 -0.953628 0)
(-3.90213 -1.01718 0)
(-4.13673 -1.08391 0)
(-4.38306 -1.15398 0)
(-4.64171 -1.22755 0)
(-4.91329 -1.3048 0)
(-5.19845 -1.38591 0)
(-5.49787 -1.47107 0)
(-5.81226 -1.5605 0)
(-6.14236 -1.65439 0)
(-6.48898 -1.75298 0)
(-6.85292 -1.8565 0)
(-7.23506 -1.9652 0)
(-7.63631 -2.07933 0)
(-8.05762 -2.19917 0)
(-8.5 -2.325 0)
(-2.04477 -0.664387 0)
(-2.17992 -0.711613 0)
(-2.32182 -0.761201 0)
(-2.47081 -0.813269 0)
(-2.62726 -0.86794 0)
(-2.79152 -0.925344 0)
(-2.96401 -0.985619 0)
(-3.14511 -1.04891 0)
(-3.33527 -1.11536 0)
(-3.53494 -1.18514 0)
(-3.74459 -1.2584 0)
(-3.96473 -1.33533 0)
(-4.19587 -1.4161 0)
(-4.43857 -1.50091 0)
(-4.6934 -1.58997 0)
(-4.96097 -1.68347 0)
(-5.24193 -1.78165 0)
(-5.53693 -1.88474 0)
(-5.84668 -1.99299 0)
(-6.17192 -2.10664 0)
(-6.51342 -2.22598 0)
(-6.872 -2.35129 0)
(-7.2485 -2.48286 0)
(-7.64383 -2.62101 0)
(-8.05893 -2.76607 0)
(-1.98634 -0.822769 0)
(-2.11289 -0.876348 0)
(-2.24576 -0.932606 0)
(-2.38527 -0.991677 0)
(-2.53177 -1.0537 0)
(-2.68558 -1.11883 0)
(-2.84709 -1.18721 0)
(-3.01667 -1.25901 0)
(-3.19474 -1.3344 0)
(-3.3817 -1.41356 0)
(-3.57801 -1.49668 0)
(-3.78414 -1.58396 0)
(-4.00058 -1.67559 0)
(-4.22783 -1.77181 0)
(-4.46645 -1.87284 0)
(-4.71701 -1.97893 0)
(-4.98008 -2.09031 0)
(-5.25632 -2.20727 0)
(-5.54636 -2.33007 0)
(-5.85091 -2.45902 0)
(-6.17068 -2.59441 0)
(-6.50644 -2.73657 0)
(-6.85899 -2.88584 0)
(-7.22917 -3.04257 0)
(-7.61786 -3.20714 0)
(-1.91566 -0.97608 0)
(-2.03389 -1.03612 0)
(-2.15802 -1.09917 0)
(-2.28836 -1.16537 0)
(-2.42522 -1.23488 0)
(-2.56892 -1.30787 0)
(-2.7198 -1.3845 0)
(-2.87823 -1.46497 0)
(-3.04458 -1.54946 0)
(-3.21925 -1.63817 0)
(-3.40265 -1.73132 0)
(-3.59522 -1.82913 0)
(-3.79742 -1.93183 0)
(-4.00973 -2.03966 0)
(-4.23266 -2.15288 0)
(-4.46673 -2.27177 0)
(-4.7125 -2.3966 0)
(-4.97057 -2.52767 0)
(-5.24153 -2.6653 0)
(-5.52605 -2.8098 0)
(-5.82479 -2.96153 0)
(-6.13847 -3.12085 0)
(-6.46783 -3.28814 0)
(-6.81366 -3.46378 0)
(-7.17679 -3.64821 0)
(-1.83318 -1.12337 0)
(-1.94334 -1.19002 0)
(-2.05901 -1.26 0)
(-2.18047 -1.33348 0)
(-2.308 -1.41063 0)
(-2.4419 -1.49164 0)
(-2.58251 -1.5767 0)
(-2.73014 -1.66601 0)
(-2.88515 -1.75979 0)
(-3.04791 -1.85826 0)
(-3.21881 -1.96165 0)
(-3.39826 -2.07021 0)
(-3.58668 -2.1842 0)
(-3.78452 -2.30388 0)
(-3.99225 -2.42956 0)
(-4.21037 -2.56151 0)
(-4.43939 -2.70007 0)
(-4.67987 -2.84555 0)
(-4.93236 -2.9983 0)
(-5.19749 -3.1587 0)
(-5.47587 -3.32711 0)
(-5.76817 -3.50394 0)
(-6.07508 -3.68962 0)
(-6.39734 -3.88458 0)
(-6.73571 -4.08929 0)
(-1.73939 -1.26374 0)
(-1.84175 -1.33714 0)
(-1.94923 -1.41422 0)
(-2.06208 -1.49514 0)
(-2.18057 -1.58012 0)
(-2.30499 -1.66934 0)
(-2.43564 -1.76303 0)
(-2.57281 -1.86139 0)
(-2.71684 -1.96468 0)
(-2.86807 -2.07313 0)
(-3.02687 -2.187 0)
(-3.1936 -2.30657 0)
(-3.36867 -2.43212 0)
(-3.5525 -2.56394 0)
(-3.74552 -2.70235 0)
(-3.94818 -2.84769 0)
(-4.16098 -3.00029 0)
(-4.38442 -3.16052 0)
(-4.61904 -3.32876 0)
(-4.86538 -3.50542 0)
(-5.12404 -3.69091 0)
(-5.39563 -3.88567 0)
(-5.68081 -4.09017 0)
(-5.98024 -4.3049 0)
(-6.29464 -4.53036 0)
(-1.63487 -1.39631 0)
(-1.72967 -1.47665 0)
(-1.82921 -1.561 0)
(-1.93372 -1.64957 0)
(-2.04346 -1.74257 0)
(-2.15869 -1.84022 0)
(-2.27968 -1.94275 0)
(-2.40672 -2.05041 0)
(-2.54011 -2.16345 0)
(-2.68017 -2.28214 0)
(-2.82723 -2.40677 0)
(-2.98165 -2.53763 0)
(-3.14378 -2.67503 0)
(-3.31403 -2.8193 0)
(-3.49278 -2.97079 0)
(-3.68048 -3.12985 0)
(-3.87755 -3.29686 0)
(-4.08449 -3.47223 0)
(-4.30177 -3.65636 0)
(-4.52991 -3.8497 0)
(-4.76946 -4.0527 0)
(-5.02098 -4.26586 0)
(-5.28509 -4.48967 0)
(-5.5624 -4.72467 0)
(-5.85357 -4.97143 0)
(-1.52028 -1.52028 0)
(-1.60774 -1.60774 0)
(-1.69958 -1.69958 0)
(-1.796 -1.796 0)
(-1.89725 -1.89725 0)
(-2.00356 -2.00356 0)
(-2.11519 -2.11519 0)
(-2.23239 -2.23239 0)
(-2.35546 -2.35546 0)
(-2.48468 -2.48468 0)
(-2.62036 -2.62036 0)
(-2.76283 -2.76283 0)
(-2.91242 -2.91242 0)
(-3.06949 -3.06949 0)
(-3.23441 -3.23441 0)
(-3.40758 -3.40758 0)
(-3.5894 -3.5894 0)
(-3.78032 -3.78032 0)
(-3.98079 -3.98079 0)
(-4.19127 -4.19127 0)
(-4.41228 -4.41228 0)
(-4.64435 -4.64435 0)
(-4.88801 -4.88801 0)
(-5.14386 -5.14386 0)
(-5.4125 -5.4125 0)
(-1.39631 -1.63487 0)
(-1.47665 -1.72967 0)
(-1.561 -1.82921 0)
(-1.64957 -1.93372 0)
(-1.74257 -2.04346 0)
(-1.84022 -2.15869 0)
(-1.94275 -2.27968 0)
(-2.05041 -2.40672 0)
(-2.16345 -2.54011 0)
(-2.28214 -2.68017 0)
(-2.40677 -2.82723 0)
(-2.53763 -2.98165 0)
(-2.67503 -3.14378 0)
(-2.8193 -3.31403 0)
(-2.97079 -3.49278 0)
(-3.12985 -3.68048 0)
(-3.29686 -3.87755 0)
(-3.47223 -4.08449 0)
(-3.65636 -4.30177 0)
(-3.8497 -4.52991 0)
(-4.0527 -4.76946 0)
(-4.26586 -5.02098 0)
(-4.48967 -5.28509 0)
(-4.72467 -5.5624 0)
(-4.97143 -5.85357 0)
(-1.26374 -1.73939 0)
(-1.33714 -1.84175 0)
(-1.41422 -1.94923 0)
(-1.49514 -2.06208 0)
(-1.58012 -2.18057 0)
(-1.66934 -2.30499 0)
(-1.76303 -2.43564 0)
(-1.86139 -2.57281 0)
(-1.96468 -2.71684 0)
(-2.07313 -2.86807 0)
(-2.187 -3.02687 0)
(-2.30657 -3.1936 0)
(-2.43212 -3.36867 0)
(-2.56394 -3.5525 0)
(-2.70235 -3.74552 0)
(-2.84769 -3.94818 0)
(-3.00029 -4.16098 0)
(-3.16052 -4.38442 0)
(-3.32876 -4.61904 0)
(-3.50542 -4.86538 0)
(-3.69091 -5.12404 0)
(-3.88567 -5.39563 0)
(-4.09017 -5.68081 0)
(-4.3049 -5.98024 0)
(-4.53036 -6.29464 0)
(-1.12337 -1.83318 0)
(-1.19002 -1.94334 0)
(-1.26 -2.05901 0)
(-1.33348 -2.18047 0)
(-1.41063 -2.308 0)
(-1.49164 -2.4419 0)
(-1.5767 -2.58251 0)
(-1.66601 -2.73014 0)
(-1.75979 -2.88515 0)
(-1.85826 -3.04791 0)
(-1.96165 -3.21881 0)
(-2.07021 -3.39826 0)
(-2.1842 -3.58668 0)
(-2.30388 -3.78452 0)
(-2.42956 -3.99225 0)
(-2.56151 -4.21037 0)
(-2.70007 -4.43939 0)
(-2.84555 -4.67987 0)
(-2.9983 -4.93236 0)
(-3.1587 -5.19749 0)
(-3.32711 -5.47587 0)
(-3.50394 -5.76817 0)
(-3.68962 -6.07508 0)
(-3.88458 -6.39734 0)
(-4.08929 -6.73571 0)
(-0.97608 -1.91566 0)
(-1.03612 -2.03389 0)
(-1.09917 -2.15802 0)
(-1.16537 -2.28836 0)
(-1.23488 -2.42522 0)
(-1.30787 -2.56892 0)
(-1.3845 -2.7198 0)
(-1.46497 -2.87823 0)
(-1.54946 -3.04458 0)
(-1.63817 -3.21925 0)
(-1.73132 -3.40265 0)
(-1.82913 -3.59522 0)
(-1.93183 -3.79742 0)
(-2.03966 -4.00973 0)
(-2.15288 -4.23266 0)
(-2.27177 -4.46673 0)
(-2.3966 -4.7125 0)
(-2.52767 -4.97057 0)
(-2.6653 -5.24153 0)
(-2.8098 -5.52605 0)
(-2.96153 -5.82479 0)
(-3.12085 -6.13847 0)
(-3.28814 -6.46783 0)
(-3.46378 -6.81366 0)
(-3.64821 -7.17679 0)
(-0.822769 -1.98634 0)
(-0.876348 -2.11289 0)
(-0.932606 -2.24576 0)
(-0.991677 -2.38527 0)
(-1.0537 -2.53177 0)
(-1.11883 -2.68558 0)
(-1.18721 -2.84709 0)
(-1.25901 -3.01667 0)
(-1.3344 -3.19474 0)
(-1.41356 -3.3817 0)
(-1.49668 -3.57801 0)
(-1.58396 -3.78414 0)
(-1.67559 -4.00058 0)
(-1.77181 -4.22783 0)
(-1.87284 -4.46645 0)
(-1.97893 -4.71701 0)
(-2.09031 -4.98008 0)
(-2.20727 -5.25632 0)
(-2.33007 -5.54636 0)
(-2.45902 -5.85091 0)
(-2.59441 -6.17068 0)
(-2.73657 -6.50644 0)
(-2.88584 -6.85899 0)
(-3.04257 -7.22917 0)
(-3.20714 -7.61786 0)
(-0.664387 -2.04477 0)
(-0.711613 -2.17992 0)
(-0.761201 -2.32182 0)
(-0.813269 -2.47081 0)
(-0.86794 -2.62726 0)
(-0.925344 -2.79152 0)
(-0.985619 -2.96401 0)
(-1.04891 -3.14511 0)
(-1.11536 -3.33527 0)
(-1.18514 -3.53494 0)
(-1.2584 -3.74459 0)
(-1.33533 -3.96473 0)
(-1.4161 -4.19587 0)
(-1.50091 -4.43857 0)
(-1.58997 -4.6934 0)
(-1.68347 -4.96097 0)
(-1.78165 -5.24193 0)
(-1.88474 -5.53693 0)
(-1.99299 -5.84668 0)
(-2.10664 -6.17192 0)
(-2.22598 -6.51342 0)
(-2.35129 -6.872 0)
(-2.48286 -7.2485 0)
(-2.62101 -7.64383 0)
(-2.76607 -8.05893 0)
(-0.501908 -2.0906 0)
(-0.542874 -2.23462 0)
(-0.585889 -2.38585 0)
(-0.631055 -2.54463 0)
(-0.678478 -2.71136 0)
(-0.728273 -2.88642 0)
(-0.780558 -3.07024 0)
(-0.835457 -3.26325 0)
(-0.893101 -3.46591 0)
(-0.953628 -3.6787 0)
(-1.01718 -3.90213 0)
(-1.08391 -4.13673 0)
(-1.15398 -4.38306 0)
(-1.22755 -4.64171 0)
(-1.3048 -4.91329 0)
(-1.38591 -5.19845 0)
(-1.47107 -5.49787 0)
(-1.5605 -5.81226 0)
(-1.65439 -6.14236 0)
(-1.75298 -6.48898 0)
(-1.8565 -6.85292 0)
(-1.9652 -7.23506 0)
(-2.07933 -7.63631 0)
(-2.19917 -8.05762 0)
(-2.325 -8.5 0)
(-0.336334 -2.12353 0)
(-0.363606 -2.26681 0)
(-0.392242 -2.41726 0)
(-0.42231 -2.57524 0)
(-0.453881 -2.74111 0)
(-0.48703 -2.91527 0)
(-0.521837 -3.09814 0)
(-0.558384 -3.29016 0)
(-0.596759 -3.49177 0)
(-0.637052 -3.70347 0)
(-0.67936 -3.92575 0)
(-0.723784 -4.15915 0)
(-0.770429 -4.40422 0)
(-0.819406 -4.66154 0)
(-0.870831 -4.93172 0)
(-0.924828 -5.21541 0)
(-0.981525 -5.51329 0)
(-1.04106 -5.82607 0)
(-1.10357 -6.15448 0)
(-1.1692 -6.49931 0)
(-1.23811 -6.86139 0)
(-1.31048 -7.24156 0)
(-1.38645 -7.64075 0)
(-1.46623 -8.0599 0)
(-1.55 -8.5 0)
(-0.168687 -2.14337 0)
(-0.182311 -2.28621 0)
(-0.196617 -2.43619 0)
(-0.211638 -2.59367 0)
(-0.22741 -2.75903 0)
(-0.24397 -2.93265 0)
(-0.261359 -3.11495 0)
(-0.279617 -3.30637 0)
(-0.298788 -3.50736 0)
(-0.318917 -3.7184 0)
(-0.340053 -3.93999 0)
(-0.362246 -4.17266 0)
(-0.385548 -4.41696 0)
(-0.410016 -4.67348 0)
(-0.435707 -4.94282 0)
(-0.462682 -5.22564 0)
(-0.491006 -5.52259 0)
(-0.520746 -5.83439 0)
(-0.551974 -6.16178 0)
(-0.584763 -6.50554 0)
(-0.619191 -6.86649 0)
(-0.65534 -7.24548 0)
(-0.693297 -7.64342 0)
(-0.733152 -8.06127 0)
(-0.775 -8.5 0)
(0 -2.15 0)
(0 -2.29269 0)
(0 -2.44251 0)
(0 -2.59983 0)
(0 -2.76501 0)
(0 -2.93845 0)
(0 -3.12057 0)
(0 -3.31178 0)
(0 -3.51256 0)
(0 -3.72338 0)
(0 -3.94474 0)
(0 -4.17717 0)
(0 -4.42122 0)
(0 -4.67747 0)
(0 -4.94653 0)
(0 -5.22905 0)
(0 -5.52569 0)
(0 -5.83717 0)
(0 -6.16422 0)
(0 -6.50762 0)
(0 -6.86819 0)
(0 -7.24679 0)
(0 -7.64432 0)
(0 -8.06172 0)
(0 -8.5 0)
(0.168687 -2.14337 0)
(0.182311 -2.28621 0)
(0.196617 -2.43619 0)
(0.211638 -2.59367 0)
(0.22741 -2.75903 0)
(0.24397 -2.93265 0)
(0.261359 -3.11495 0)
(0.279617 -3.30637 0)
(0.298788 -3.50736 0)
(0.318917 -3.7184 0)
(0.340053 -3.93999 0)
(0.362246 -4.17266 0)
(0.385548 -4.41696 0)
(0.410016 -4.67348 0)
(0.435707 -4.94282 0)
(0.462682 -5.22564 0)
(0.491006 -5.52259 0)
(0.520746 -5.83439 0)
(0.551974 -6.16178 0)
(0.584763 -6.50554 0)
(0.619191 -6.86649 0)
(0.65534 -7.24548 0)
(0.693297 -7.64342 0)
(0.733152 -8.06127 0)
(0.775 -8.5 0)
(0.336334 -2.12353 0)
(0.363606 -2.26681 0)
(0.392242 -2.41726 0)
(0.42231 -2.57524 0)
(0.453881 -2.74111 0)
(0.48703 -2.91527 0)
(0.521837 -3.09814 0)
(0.558384 -3.29016 0)
(0.596759 -3.49177 0)
(0.637052 -3.70347 0)
(0.67936 -3.92575 0)
(0.723784 -4.15915 0)
(0.770429 -4.40422 0)
(0.819406 -4.66154 0)
(0.870831 -4.93172 0)
(0.924828 -5.21541 0)
(0.981525 -5.51329 0)
(1.04106 -5.82607 0)
(1.10357 -6.15448 0)
(1.1692 -6.49931 0)
(1.23811 -6.86139 0)
(1.31048 -7.24156 0)
(1.38645 -7.64075 0)
(1.46623 -8.0599 0)
(1.55 -8.5 0)
(0.501908 -2.0906 0)
(0.542874 -2.23462 0)
(0.585889 -2.38585 0)
(0.631055 -2.54463 0)
(0.678478 -2.71136 0)
(0.728273 -2.88642 0)
(0.780558 -3.07024 0)
(0.835457 -3.26325 0)
(0.893101 -3.46591 0)
(0.953628 -3.6787 0)
(1.01718 -3.90213 0)
(1.08391 -4.13673 0)
(1.15398 -4.38306 0)
(1.22755 -4.64171 0)
(1.3048 -4.91329 0)
(1.38591 -5.19845 0)
(1.47107 -5.49787 0)
(1.5605 -5.81226 0)
(1.65439 -6.14236 0)
(1.75298 -6.48898 0)
(1.8565 -6.85292 0)
(1.9652 -7.23506 0)
(2.07933 -7.63631 0)
(2.19917 -8.05762 0)
(2.325 -8.5 0)
(0.664387 -2.04477 0)
(0.711613 -2.17992 0)
(0.761201 -2.32182 0)
(0.813269 -2.47081 0)
(0.86794 -2.62726 0)
(0.925344 -2.79152 0)
(0.985619 -2.96401 0)
(1.04891 -3.14511 0)
(1.11536 -3.33527 0)
(1.18514 -3.53494 0)
(1.2584 -3.74459 0)
(1.33533 -3.96473 0)
(1.4161 -4.19587 0)
(1.50091 -4.43857 0)
(1.58997 -4.6934 0)
(1.68347 -4.96097 0)
(1.78165 -5.24193 0)
(1.88474 -5.53693 0)
(1.99299 -5.84668 0)
(2.10664 -6.17192 0)
(2.22598 -6.51342 0)
(2.35129 -6.872 0)
(2.48286 -7.2485 0)
(2.62101 -7.64383 0)
(2.76607 -8.05893 0)
(0.822769 -1.98634 0)
(0.876348 -2.11289 0)
(0.932606 -2.24576 0)
(0.991677 -2.38527 0)
(1.0537 -2.53177 0)
(1.11883 -2.68558 0)
(1.18721 -2.84709 0)
(1.25901 -3.01667 0)
(1.3344 -3.19474 0)
(1.41356 -3.3817 0)
(1.49668 -3.57801 0)
(1.58396 -3.78414 0)
(1.67559 -4.00058 0)
(1.77181 -4.22783 0)
(1.87284 -4.46645 0)
(1.97893 -4.71701 0)
(2.09031 -4.98008 0)
(2.20727 -5.25632 0)
(2.33007 -5.54636 0)
(2.45902 -5.85091 0)
(2.59441 -6.17068 0)
(2.73657 -6.50644 0)
(2.88584 -6.85899 0)
(3.04257 -7.22917 0)
(3.20714 -7.61786 0)
(0.97608 -1.91566 0)
(1.03612 -2.03389 0)
(1.09917 -2.15802 0)
(1.16537 -2.28836 0)
(1.23488 -2.42522 0)
(1.30787 -2.56892 0)
(1.3845 -2.7198 0)
(1.46497 -2.87823 0)
(1.54946 -3.04458 0)
(1.63817 -3.21925 0)
(1.73132 -3.40265 0)
(1.82913 -3.59522 0)
(1.93183 -3.79742 0)
(2.03966 -4.00973 0)
(2.15288 -4.23266 0)
(2.27177 -4.46673 0)
(2.3966 -4.7125 0)
(2.52767 -4.97057 0)
(2.6653 -5.24153 0)
(2.8098 -5.52605 0)
(2.96153 -5.82479 0)
(3.12085 -6.13847 0)
(3.28814 -6.46783 0)
(3.46378 -6.81366 0)
(3.64821 -7.17679 0)
(1.12337 -1.83318 0)
(1.19002 -1.94334 0)
(1.26 -2.05901 0)
(1.33348 -2.18047 0)
(1.41063 -2.308 0)
(1.49164 -2.4419 0)
(1.5767 -2.58251 0)
(1.66601 -2.73014 0)
(1.75979 -2.88515 0)
(1.85826 -3.04791 0)
(1.96165 -3.21881 0)
(2.07021 -3.39826 0)
(2.1842 -3.58668 0)
(2.30388 -3.78452 0)
(2.42956 -3.99225 0)
(2.56151 -4.21037 0)
(2.70007 -4.43939 0)
(2.84555 -4.67987 0)
(2.9983 -4.93236 0)
(3.1587 -5.19749 0)
(3.32711 -5.47587 0)
(3.50394 -5.76817 0)
(3.68962 -6.07508 0)
(3.88458 -6.39734 0)
(4.08929 -6.73571 0)
(1.26374 -1.73939 0)
(1.33714 -1.84175 0)
(1.41422 -1.94923 0)
(1.49514 -2.06208 0)
(1.58012 -2.18057 0)
(1.66934 -2.30499 0)
(1.76303 -2.43564 0)
(1.86139 -2.57281 0)
(1.96468 -2.71684 0)
(2.07313 -2.86807 0)
(2.187 -3.02687 0)
(2.30657 -3.1936 0)
(2.43212 -3.36867 0)
(2.56394 -3.5525 0)
(2.70235 -3.74552 0)
(2.84769 -3.94818 0)
(3.00029 -4.16098 0)
(3.16052 -4.38442 0)
(3.32876 -4.61904 0)
(3.50542 -4.86538 0)
(3.69091 -5.12404 0)
(3.88567 -5.39563 0)
(4.09017 -5.68081 0)
(4.3049 -5.98024 0)
(4.53036 -6.29464 0)
(1.39631 -1.63487 0)
(1.47665 -1.72967 0)
(1.561 -1.82921 0)
(1.64957 -1.93372 0)
(1.74257 -2.04346 0)
(1.84022 -2.15869 0)
(1.94275 -2.27968 0)
(2.05041 -2.40672 0)
(2.16345 -2.54011 0)
(2.28214 -2.68017 0)
(2.40677 -2.82723 0)
(2.53763 -2.98165 0)
(2.67503 -3.14378 0)
(2.8193 -3.31403 0)
(2.97079 -3.49278 0)
(3.12985 -3.68048 0)
(3.29686 -3.87755 0)
(3.47223 -4.08449 0)
(3.65636 -4.30177 0)
(3.8497 -4.52991 0)
(4.0527 -4.76946 0)
(4.26586 -5.02098 0)
(4.48967 -5.28509 0)
(4.72467 -5.5624 0)
(4.97143 -5.85357 0)
(1.52028 -1.52028 0)
(1.60774 -1.60774 0)
(1.69958 -1.69958 0)
(1.796 -1.796 0)
(1.89725 -1.89725 0)
(2.00356 -2.00356 0)
(2.11519 -2.11519 0)
(2.23239 -2.23239 0)
(2.35546 -2.35546 0)
(2.48468 -2.48468 0)
(2.62036 -2.62036 0)
(2.76283 -2.76283 0)
(2.91242 -2.91242 0)
(3.06949 -3.06949 0)
(3.23441 -3.23441 0)
(3.40758 -3.40758 0)
(3.5894 -3.5894 0)
(3.78032 -3.78032 0)
(3.98079 -3.98079 0)
(4.19127 -4.19127 0)
(4.41228 -4.41228 0)
(4.64435 -4.64435 0)
(4.88801 -4.88801 0)
(5.14386 -5.14386 0)
(5.4125 -5.4125 0)
(1.63487 -1.39631 0)
(1.72967 -1.47665 0)
(1.82921 -1.561 0)
(1.93372 -1.64957 0)
(2.04346 -1.74257 0)
(2.15869 -1.84022 0)
(2.27968 -1.94275 0)
(2.40672 -2.05041 0)
(2.54011 -2.16345 0)
(2.68017 -2.28214 0)
(2.82723 -2.40677 0)
(2.98165 -2.53763 0)
(3.14378 -2.67503 0)
(3.31403 -2.8193 0)
(3.49278 -2.97079 0)
(3.68048 -3.12985 0)
(3.87755 -3.29686 0)
(4.08449 -3.47223 0)
(4.30177 -3.65636 0)
(4.52991 -3.8497 0)
(4.76946 -4.0527 0)
(5.02098 -4.26586 0)
(5.28509 -4.48967 0)
(5.5624 -4.72467 0)
(5.85357 -4.97143 0)
(1.73939 -1.26374 0)
(1.84175 -1.33714 0)
(1.94923 -1.41422 0)
(2.06208 -1.49514 0)
(2.18057 -1.58012 0)
(2.30499 -1.66934 0)
(2.43564 -1.76303 0)
(2.57281 -1.86139 0)
(2.71684 -1.96468 0)
(2.86807 -2.07313 0)
(3.02687 -2.187 0)
(3.1936 -2.30657 0)
(3.36867 -2.43212 0)
(3.5525 -2.56394 0)
(3.74552 -2.70235 0)
(3.94818 -2.84769 0)
(4.16098 -3.00029 0)
(4.38442 -3.16052 0)
(4.61904 -3.32876 0)
(4.86538 -3.50542 0)
(5.12404 -3.69091 0)
(5.39563 -3.88567 0)
(5.68081 -4.09017 0)
(5.98024 -4.3049 0)
(6.29464 -4.53036 0)
(1.83318 -1.12337 0)
(1.94334 -1.19002 0)
(2.05901 -1.26 0)
(2.18047 -1.33348 0)
(2.308 -1.41063 0)
(2.4419 -1.49164 0)
(2.58251 -1.5767 0)
(2.73014 -1.66601 0)
(2.88515 -1.75979 0)
(3.04791 -1.85826 0)
(3.21881 -1.96165 0)
(3.39826 -2.07021 0)
(3.58668 -2.1842 0)
(3.78452 -2.30388 0)
(3.99225 -2.42956 0)
(4.21037 -2.56151 0)
(4.43939 -2.70007 0)
(4.67987 -2.84555 0)
(4.93236 -2.9983 0)
(5.19749 -3.1587 0)
(5.47587 -3.32711 0)
(5.76817 -3.50394 0)
(6.07508 -3.68962 0)
(6.39734 -3.88458 0)
(6.73571 -4.08929 0)
(1.91566 -0.97608 0)
(2.03389 -1.03612 0)
(2.15802 -1.09917 0)
(2.28836 -1.16537 0)
(2.42522 -1.23488 0)
(2.56892 -1.30787 0)
(2.7198 -1.3845 0)
(2.87823 -1.46497 0)
(3.04458 -1.54946 0)
(3.21925 -1.63817 0)
(3.40265 -1.73132 0)
(3.59522 -1.82913 0)
(3.79742 -1.93183 0)
(4.00973 -2.03966 0)
(4.23266 -2.15288 0)
(4.46673 -2.27177 0)
(4.7125 -2.3966 0)
(4.97057 -2.52767 0)
(5.24153 -2.6653 0)
(5.52605 -2.8098 0)
(5.82479 -2.96153 0)
(6.13847 -3.12085 0)
(6.46783 -3.28814 0)
(6.81366 -3.46378 0)
(7.17679 -3.64821 0)
(1.98634 -0.822769 0)
(2.11289 -0.876348 0)
(2.24576 -0.932606 0)
(2.38527 -0.991677 0)
(2.53177 -1.0537 0)
(2.68558 -1.11883 0)
(2.84709 -1.18721 0)
(3.01667 -1.25901 0)
(3.19474 -1.3344 0)
(3.3817 -1.41356 0)
(3.57801 -1.49668 0)
(3.78414 -1.58396 0)
(4.00058 -1.67559 0)
(4.22783 -1.77181 0)
(4.46645 -1.87284 0)
(4.71701 -1.97893 0)
(4.98008 -2.09031 0)
(5.25632 -2.20727 0)
(5.54636 -2.33007 0)
(5.85091 -2.45902 0)
(6.17068 -2.59441 0)
(6.50644 -2.73657 0)
(6.85899 -2.88584 0)
(7.22917 -3.04257 0)
(7.61786 -3.20714 0)
(2.04477 -0.664387 0)
(2.17992 -0.711613 0)
(2.32182 -0.761201 0)
(2.47081 -0.813269 0)
(2.62726 -0.86794 0)
(2.79152 -0.925344 0)
(2.96401 -0.985619 0)
(3.14511 -1.04891 0)
(3.33527 -1.11536 0)
(3.53494 -1.18514 0)
(3.74459 -1.2584 0)
(3.96473 -1.33533 0)
(4.19587 -1.4161 0)
(4.43857 -1.50091 0)
(4.6934 -1.58997 0)
(4.96097 -1.68347 0)
(5.24193 -1.78165 0)
(5.53693 -1.88474 0)
(5.84668 -1.99299 0)
(6.17192 -2.10664 0)
(6.51342 -2.22598 0)
(6.872 -2.35129 0)
(7.2485 -2.48286 0)
(7.64383 -2.62101 0)
(8.05893 -2.76607 0)
(2.0906 -0.501908 0)
(2.23462 -0.542874 0)
(2.38585 -0.585889 0)
(2.54463 -0.631055 0)
(2.71136 -0.678478 0)
(2.88642 -0.728273 0)
(3.07024 -0.780558 0)
(3.26325 -0.835457 0)
(3.46591 -0.893101 0)
(3.6787 -0.953628 0)
(3.90213 -1.01718 0)
(4.13673 -1.08391 0)
(4.38306 -1.15398 0)
(4.64171 -1.22755 0)
(4.91329 -1.3048 0)
(5.19845 -1.38591 0)
(5.49787 -1.47107 0)
(5.81226 -1.5605 0)
(6.14236 -1.65439 0)
(6.48898 -1.75298 0)
(6.85292 -1.8565 0)
(7.23506 -1.9652 0)
(7.63631 -2.07933 0)
(8.05762 -2.19917 0)
(8.5 -2.325 0)
(2.12353 -0.336334 0)
(2.26681 -0.363606 0)
(2.41726 -0.392242 0)
(2.57524 -0.42231 0)
(2.74111 -0.453881 0)
(2.91527 -0.48703 0)
(3.09814 -0.521837 0)
(3.29016 -0.558384 0)
(3.49177 -0.596759 0)
(3.70347 -0.637052 0)
(3.92575 -0.67936 0)
(4.15915 -0.723784 0)
(4.40422 -0.770429 0)
(4.66154 -0.819406 0)
(4.93172 -0.870831 0)
(5.21541 -0.924828 0)
(5.51329 -0.981525 0)
(5.82607 -1.04106 0)
(6.15448 -1.10357 0)
(6.49931 -1.1692 0)
(6.86139 -1.23811 0)
(7.24156 -1.31048 0)
(7.64075 -1.38645 0)
(8.0599 -1.46623 0)
(8.5 -1.55 0)
(2.14337 -0.168687 0)
(2.28621 -0.182311 0)
(2.43619 -0.196617 0)
(2.59367 -0.211638 0)
(2.75903 -0.22741 0)
(2.93265 -0.24397 0)
(3.11495 -0.261359 0)
(3.30637 -0.279617 0)
(3.50736 -0.298788 0)
(3.7184 -0.318917 0)
(3.93999 -0.340053 0)
(4.17266 -0.362246 0)
(4.41696 -0.385548 0)
(4.67348 -0.410016 0)
(4.94282 -0.435707 0)
(5.22564 -0.462682 0)
(5.52259 -0.491006 0)
(5.83439 -0.520746 0)
(6.16178 -0.551974 0)
(6.50554 -0.584763 0)
(6.86649 -0.619191 0)
(7.24548 -0.65534 0)
(7.64342 -0.693297 0)
(8.06127 -0.733152 0)
(8.5 -0.775 0)
(1.6125 0 0)
(1.54286 0.0958487 0)
(1.47322 0.191697 0)
(1.40359 0.287546 0)
(1.33395 0.383395 0)
(1.26431 0.479243 0)
(1.19467 0.575092 0)
(1.12503 0.670941 0)
(1.05539 0.766789 0)
(1.54286 -0.0958487 0)
(1.46544 0 0)
(1.38801 0.0958487 0)
(1.31059 0.191697 0)
(1.23317 0.287546 0)
(1.15574 0.383395 0)
(1.07832 0.479243 0)
(1.00089 0.575092 0)
(0.923471 0.670941 0)
(1.47322 -0.191697 0)
(1.38801 -0.0958487 0)
(1.3028 0 0)
(1.21759 0.0958487 0)
(1.13238 0.191697 0)
(1.04718 0.287546 0)
(0.961966 0.383395 0)
(0.876756 0.479243 0)
(0.791546 0.575092 0)
(1.40359 -0.287546 0)
(1.31059 -0.191697 0)
(1.21759 -0.0958487 0)
(1.1246 0 0)
(1.0316 0.0958487 0)
(0.938608 0.191697 0)
(0.845613 0.287546 0)
(0.752617 0.383395 0)
(0.659622 0.479243 0)
(1.33395 -0.383395 0)
(1.23317 -0.287546 0)
(1.13238 -0.191697 0)
(1.0316 -0.0958487 0)
(0.930822 0 0)
(0.830041 0.0958487 0)
(0.72926 0.191697 0)
(0.628479 0.287546 0)
(0.527697 0.383395 0)
(1.26431 -0.479243 0)
(1.15574 -0.383395 0)
(1.04718 -0.287546 0)
(0.938608 -0.191697 0)
(0.830041 -0.0958487 0)
(0.721474 0 0)
(0.612907 0.0958487 0)
(0.50434 0.191697 0)
(0.395773 0.287546 0)
(1.19467 -0.575092 0)
(1.07832 -0.479243 0)
(0.961966 -0.383395 0)
(0.845613 -0.287546 0)
(0.72926 -0.191697 0)
(0.612907 -0.0958487 0)
(0.496554 0 0)
(0.380202 0.0958487 0)
(0.263849 0.191697 0)
(1.12503 -0.670941 0)
(1.00089 -0.575092 0)
(0.876756 -0.479243 0)
(0.752617 -0.383395 0)
(0.628479 -0.287546 0)
(0.50434 -0.191697 0)
(0.380202 -0.0958487 0)
(0.256063 0 0)
(0.131924 0.0958487 0)
(1.05539 -0.766789 0)
(0.923471 -0.670941 0)
(0.791546 -0.575092 0)
(0.659622 -0.479243 0)
(0.527697 -0.383395 0)
(0.395773 -0.287546 0)
(0.263849 -0.191697 0)
(0.131924 -0.0958487 0)
(0 0 0)
(0.49829 1.53358 0)
(0.385613 1.49697 0)
(0.272936 1.46036 0)
(0.160259 1.42375 0)
(0.0475825 1.38713 0)
(-0.0650944 1.35052 0)
(-0.177771 1.31391 0)
(-0.290448 1.2773 0)
(-0.403125 1.24069 0)
(0.567928 1.43773 0)
(0.452845 1.39371 0)
(0.337762 1.3497 0)
(0.22268 1.30568 0)
(0.107597 1.26167 0)
(-0.00748597 1.21765 0)
(-0.122569 1.17364 0)
(-0.237652 1.12962 0)
(-0.352734 1.0856 0)
(0.637566 1.34188 0)
(0.520077 1.29046 0)
(0.402589 1.23904 0)
(0.2851 1.18762 0)
(0.167611 1.1362 0)
(0.0501225 1.08478 0)
(-0.0673663 1.03336 0)
(-0.184855 0.981939 0)
(-0.302344 0.930518 0)
(0.707204 1.24603 0)
(0.58731 1.18721 0)
(0.467415 1.12838 0)
(0.34752 1.06956 0)
(0.227626 1.01073 0)
(0.107731 0.951907 0)
(-0.0121638 0.893082 0)
(-0.132058 0.834257 0)
(-0.251953 0.775432 0)
(0.776842 1.15018 0)
(0.654542 1.08395 0)
(0.532241 1.01772 0)
(0.409941 0.951495 0)
(0.28764 0.885265 0)
(0.165339 0.819035 0)
(0.0430387 0.752805 0)
(-0.0792619 0.686575 0)
(-0.201563 0.620346 0)
(0.846481 1.05434 0)
(0.721774 0.980701 0)
(0.597067 0.907066 0)
(0.472361 0.833432 0)
(0.347654 0.759797 0)
(0.222948 0.686163 0)
(0.0982412 0.612528 0)
(-0.0264653 0.538894 0)
(-0.151172 0.465259 0)
(0.916119 0.958487 0)
(0.789006 0.877447 0)
(0.661894 0.796408 0)
(0.534781 0.715369 0)
(0.407669 0.63433 0)
(0.280556 0.55329 0)
(0.153444 0.472251 0)
(0.0263312 0.391212 0)
(-0.100781 0.310173 0)
(0.985757 0.862638 0)
(0.856238 0.774194 0)
(0.72672 0.68575 0)
(0.597202 0.597306 0)
(0.467683 0.508862 0)
(0.338165 0.420418 0)
(0.208646 0.331974 0)
(0.0791278 0.24353 0)
(-0.0503906 0.155086 0)
(-1.30454 0.947804 0)
(-1.30454 0.829328 0)
(-1.30454 0.710853 0)
(-1.30454 0.592377 0)
(-1.30454 0.473902 0)
(-1.30454 0.355426 0)
(-1.30454 0.236951 0)
(-1.30454 0.118475 0)
(-1.30454 0 0)
(-1.19186 0.984415 0)
(-1.18556 0.861363 0)
(-1.17927 0.738311 0)
(-1.17297 0.615259 0)
(-1.16667 0.492207 0)
(-1.16037 0.369155 0)
(-1.15407 0.246104 0)
(-1.14777 0.123052 0)
(-1.14147 0 0)
(-1.07919 1.02103 0)
(-1.06659 0.893397 0)
(-1.05399 0.765769 0)
(-1.04139 0.638141 0)
(-1.0288 0.510513 0)
(-1.0162 0.382885 0)
(-1.0036 0.255256 0)
(-0.991003 0.127628 0)
(-0.978405 0 0)
(-0.966509 1.05764 0)
(-0.947613 0.925432 0)
(-0.928716 0.793227 0)
(-0.90982 0.661023 0)
(-0.890923 0.528818 0)
(-0.872027 0.396614 0)
(-0.85313 0.264409 0)
(-0.834234 0.132205 0)
(-0.815337 0 0)
(-0.853832 1.09425 0)
(-0.828637 0.957467 0)
(-0.803442 0.820686 0)
(-0.778247 0.683905 0)
(-0.753051 0.547124 0)
(-0.727856 0.410343 0)
(-0.702661 0.273562 0)
(-0.677465 0.136781 0)
(-0.65227 0 0)
(-0.741156 1.13086 0)
(-0.709661 0.989501 0)
(-0.678167 0.848144 0)
(-0.646673 0.706786 0)
(-0.615179 0.565429 0)
(-0.583685 0.424072 0)
(-0.552191 0.282715 0)
(-0.520697 0.141357 0)
(-0.489202 0 0)
(-0.628479 1.16747 0)
(-0.590686 1.02154 0)
(-0.552893 0.875602 0)
(-0.5151 0.729668 0)
(-0.477307 0.583735 0)
(-0.439514 0.437801 0)
(-0.401721 0.291867 0)
(-0.363928 0.145934 0)
(-0.326135 0 0)
(-0.515802 1.20408 0)
(-0.47171 1.05357 0)
(-0.427618 0.90306 0)
(-0.383526 0.75255 0)
(-0.339435 0.60204 0)
(-0.295343 0.45153 0)
(-0.251251 0.30102 0)
(-0.207159 0.15051 0)
(-0.163067 0 0)
(-1.30454 -0.947804 0)
(-1.19186 -0.984415 0)
(-1.07919 -1.02103 0)
(-0.966509 -1.05764 0)
(-0.853832 -1.09425 0)
(-0.741156 -1.13086 0)
(-0.628479 -1.16747 0)
(-0.515802 -1.20408 0)
(-0.403125 -1.24069 0)
(-1.30454 -0.829328 0)
(-1.18556 -0.861363 0)
(-1.06659 -0.893397 0)
(-0.947613 -0.925432 0)
(-0.828637 -0.957467 0)
(-0.709661 -0.989501 0)
(-0.590686 -1.02154 0)
(-0.47171 -1.05357 0)
(-0.352734 -1.0856 0)
(-1.30454 -0.710853 0)
(-1.17927 -0.738311 0)
(-1.05399 -0.765769 0)
(-0.928716 -0.793227 0)
(-0.803442 -0.820686 0)
(-0.678167 -0.848144 0)
(-0.552893 -0.875602 0)
(-0.427618 -0.90306 0)
(-0.302344 -0.930518 0)
(-1.30454 -0.592377 0)
(-1.17297 -0.615259 0)
(-1.04139 -0.638141 0)
(-0.90982 -0.661023 0)
(-0.778247 -0.683905 0)
(-0.646673 -0.706786 0)
(-0.5151 -0.729668 0)
(-0.383526 -0.75255 0)
(-0.251953 -0.775432 0)
(-1.30454 -0.473902 0)
(-1.16667 -0.492207 0)
(-1.0288 -0.510513 0)
(-0.890923 -0.528818 0)
(-0.753051 -0.547124 0)
(-0.615179 -0.565429 0)
(-0.477307 -0.583735 0)
(-0.339435 -0.60204 0)
(-0.201563 -0.620346 0)
(-1.30454 -0.355426 0)
(-1.16037 -0.369155 0)
(-1.0162 -0.382885 0)
(-0.872027 -0.396614 0)
(-0.727856 -0.410343 0)
(-0.583685 -0.424072 0)
(-0.439514 -0.437801 0)
(-0.295343 -0.45153 0)
(-0.151172 -0.465259 0)
(-1.30454 -0.236951 0)
(-1.15407 -0.246104 0)
(-1.0036 -0.255256 0)
(-0.85313 -0.264409 0)
(-0.702661 -0.273562 0)
(-0.552191 -0.282715 0)
(-0.401721 -0.291867 0)
(-0.251251 -0.30102 0)
(-0.100781 -0.310173 0)
(-1.30454 -0.118475 0)
(-1.14777 -0.123052 0)
(-0.991003 -0.127628 0)
(-0.834234 -0.132205 0)
(-0.677465 -0.136781 0)
(-0.520697 -0.141357 0)
(-0.363928 -0.145934 0)
(-0.207159 -0.15051 0)
(-0.0503906 -0.155086 0)
(0.49829 -1.53358 0)
(0.567928 -1.43773 0)
(0.637566 -1.34188 0)
(0.707204 -1.24603 0)
(0.776842 -1.15018 0)
(0.846481 -1.05434 0)
(0.916119 -0.958487 0)
(0.985757 -0.862638 0)
(0.385613 -1.49697 0)
(0.452845 -1.39371 0)
(0.520077 -1.29046 0)
(0.58731 -1.18721 0)
(0.654542 -1.08395 0)
(0.721774 -0.980701 0)
(0.789006 -0.877447 0)
(0.856238 -0.774194 0)
(0.272936 -1.46036 0)
(0.337762 -1.3497 0)
(0.402589 -1.23904 0)
(0.467415 -1.12838 0)
(0.532241 -1.01772 0)
(0.597067 -0.907066 0)
(0.661894 -0.796408 0)
(0.72672 -0.68575 0)
(0.160259 -1.42375 0)
(0.22268 -1.30568 0)
(0.2851 -1.18762 0)
(0.34752 -1.06956 0)
(0.409941 -0.951495 0)
(0.472361 -0.833432 0)
(0.534781 -0.715369 0)
(0.597202 -0.597306 0)
(0.0475825 -1.38713 0)
(0.107597 -1.26167 0)
(0.167611 -1.1362 0)
(0.227626 -1.01073 0)
(0.28764 -0.885265 0)
(0.347654 -0.759797 0)
(0.407669 -0.63433 0)
(0.467683 -0.508862 0)
(-0.0650944 -1.35052 0)
(-0.00748597 -1.21765 0)
(0.0501225 -1.08478 0)
(0.107731 -0.951907 0)
(0.165339 -0.819035 0)
(0.222948 -0.686163 0)
(0.280556 -0.55329 0)
(0.338165 -0.420418 0)
(-0.177771 -1.31391 0)
(-0.122569 -1.17364 0)
(-0.0673663 -1.03336 0)
(-0.0121638 -0.893082 0)
(0.0430387 -0.752805 0)
(0.0982412 -0.612528 0)
(0.153444 -0.472251 0)
(0.208646 -0.331974 0)
(-0.290448 -1.2773 0)
(-0.237652 -1.12962 0)
(-0.184855 -0.981939 0)
(-0.132058 -0.834257 0)
(-0.0792619 -0.686575 0)
(-0.0264653 -0.538894 0)
(0.0263312 -0.391212 0)
(0.0791278 -0.24353 0)
(0.531509 1.63582 0)
(0.564729 1.73806 0)
(0.597948 1.84029 0)
(0.631167 1.94253 0)
(0.408872 1.61569 0)
(0.432131 1.73442 0)
(0.45539 1.85314 0)
(0.478649 1.97187 0)
(0.285616 1.59299 0)
(0.298295 1.72563 0)
(0.310975 1.85826 0)
(0.323655 1.9909 0)
(0.161945 1.56767 0)
(0.16363 1.7116 0)
(0.165316 1.85552 0)
(0.167002 1.99945 0)
(0.038066 1.53971 0)
(0.0285495 1.69228 0)
(0.019033 1.84485 0)
(0.00951649 1.99743 0)
(-0.0858129 1.50909 0)
(-0.106531 1.66766 0)
(-0.12725 1.82623 0)
(-0.147969 1.9848 0)
(-0.209484 1.47584 0)
(-0.241196 1.63776 0)
(-0.272909 1.79968 0)
(-0.304622 1.96161 0)
(-0.33274 1.43996 0)
(-0.375032 1.60262 0)
(-0.417324 1.76528 0)
(-0.459616 1.92794 0)
(-0.455377 1.40151 0)
(-0.50763 1.56232 0)
(-0.559882 1.72314 0)
(-0.612134 1.88396 0)
(-0.577195 1.36053 0)
(-0.638589 1.51698 0)
(-0.699982 1.67344 0)
(-0.761376 1.82989 0)
(-0.697999 1.31711 0)
(-0.767519 1.46675 0)
(-0.837039 1.61639 0)
(-0.906559 1.76603 0)
(-0.817599 1.27132 0)
(-0.894042 1.41179 0)
(-0.970485 1.55225 0)
(-1.04693 1.69271 0)
(-0.935814 1.22328 0)
(-1.01779 1.3523 0)
(-1.09978 1.48133 0)
(-1.18176 1.61036 0)
(-1.05247 1.17308 0)
(-1.13843 1.28853 0)
(-1.22439 1.40398 0)
(-1.31035 1.51943 0)
(-1.1674 1.12088 0)
(-1.25562 1.22073 0)
(-1.34384 1.32058 0)
(-1.43206 1.42043 0)
(-1.28046 1.06679 0)
(-1.36907 1.14917 0)
(-1.45767 1.23155 0)
(-1.54627 1.31393 0)
(-1.39151 1.01099 0)
(-1.47848 1.07418 0)
(-1.56545 1.13736 0)
(-1.65242 1.20055 0)
(-1.41027 0.888137 0)
(-1.51599 0.946946 0)
(-1.62172 1.00575 0)
(-1.72745 1.06456 0)
(-1.42676 0.763898 0)
(-1.54899 0.816944 0)
(-1.67121 0.869989 0)
(-1.79344 0.923034 0)
(-1.4409 0.638456 0)
(-1.57726 0.684534 0)
(-1.71362 0.730613 0)
(-1.84998 0.776691 0)
(-1.45259 0.511999 0)
(-1.60063 0.550096 0)
(-1.74868 0.588193 0)
(-1.89673 0.62629 0)
(-1.46175 0.384723 0)
(-1.61896 0.414019 0)
(-1.77617 0.443315 0)
(-1.93338 0.472611 0)
(-1.46834 0.256828 0)
(-1.63214 0.276704 0)
(-1.79593 0.296581 0)
(-1.95973 0.316457 0)
(-1.47231 0.128518 0)
(-1.64007 0.13856 0)
(-1.80784 0.148602 0)
(-1.97561 0.158645 0)
(-1.47363 0 0)
(-1.64272 0 0)
(-1.81182 0 0)
(-1.98091 0 0)
(-1.47231 -0.128518 0)
(-1.64007 -0.13856 0)
(-1.80784 -0.148602 0)
(-1.97561 -0.158645 0)
(-1.46834 -0.256828 0)
(-1.63214 -0.276704 0)
(-1.79593 -0.296581 0)
(-1.95973 -0.316457 0)
(-1.46175 -0.384723 0)
(-1.61896 -0.414019 0)
(-1.77617 -0.443315 0)
(-1.93338 -0.472611 0)
(-1.45259 -0.511999 0)
(-1.60063 -0.550096 0)
(-1.74868 -0.588193 0)
(-1.89673 -0.62629 0)
(-1.4409 -0.638456 0)
(-1.57726 -0.684534 0)
(-1.71362 -0.730613 0)
(-1.84998 -0.776691 0)
(-1.42676 -0.763898 0)
(-1.54899 -0.816944 0)
(-1.67121 -0.869989 0)
(-1.79344 -0.923034 0)
(-1.41027 -0.888137 0)
(-1.51599 -0.946946 0)
(-1.62172 -1.00575 0)
(-1.72745 -1.06456 0)
(-1.39151 -1.01099 0)
(-1.47848 -1.07418 0)
(-1.56545 -1.13736 0)
(-1.65242 -1.20055 0)
(-1.28046 -1.06679 0)
(-1.36907 -1.14917 0)
(-1.45767 -1.23155 0)
(-1.54627 -1.31393 0)
(-1.1674 -1.12088 0)
(-1.25562 -1.22073 0)
(-1.34384 -1.32058 0)
(-1.43206 -1.42043 0)
(-1.05247 -1.17308 0)
(-1.13843 -1.28853 0)
(-1.22439 -1.40398 0)
(-1.31035 -1.51943 0)
(-0.935814 -1.22328 0)
(-1.01779 -1.3523 0)
(-1.09978 -1.48133 0)
(-1.18176 -1.61036 0)
(-0.817599 -1.27132 0)
(-0.894042 -1.41179 0)
(-0.970485 -1.55225 0)
(-1.04693 -1.69271 0)
(-0.697999 -1.31711 0)
(-0.767519 -1.46675 0)
(-0.837039 -1.61639 0)
(-0.906559 -1.76603 0)
(-0.577195 -1.36053 0)
(-0.638589 -1.51698 0)
(-0.699982 -1.67344 0)
(-0.761376 -1.82989 0)
(-0.455377 -1.40151 0)
(-0.50763 -1.56232 0)
(-0.559882 -1.72314 0)
(-0.612134 -1.88396 0)
(-0.33274 -1.43996 0)
(-0.375032 -1.60262 0)
(-0.417324 -1.76528 0)
(-0.459616 -1.92794 0)
(-0.209484 -1.47584 0)
(-0.241196 -1.63776 0)
(-0.272909 -1.79968 0)
(-0.304622 -1.96161 0)
(-0.0858129 -1.50909 0)
(-0.106531 -1.66766 0)
(-0.12725 -1.82623 0)
(-0.147969 -1.9848 0)
(0.038066 -1.53971 0)
(0.0285495 -1.69228 0)
(0.019033 -1.84485 0)
(0.00951649 -1.99743 0)
(0.161945 -1.56767 0)
(0.16363 -1.7116 0)
(0.165316 -1.85552 0)
(0.167002 -1.99945 0)
(0.285616 -1.59299 0)
(0.298295 -1.72563 0)
(0.310975 -1.85826 0)
(0.323655 -1.9909 0)
(0.408872 -1.61569 0)
(0.432131 -1.73442 0)
(0.45539 -1.85314 0)
(0.478649 -1.97187 0)
(0.531509 -1.63582 0)
(0.564729 -1.73806 0)
(0.597948 -1.84029 0)
(0.631167 -1.94253 0)
(0.618896 -1.54745 0)
(0.669865 -1.65717 0)
(0.720833 -1.7669 0)
(0.771801 -1.87662 0)
(0.705269 -1.45664 0)
(0.772972 -1.57139 0)
(0.840674 -1.68615 0)
(0.908377 -1.80091 0)
(0.790438 -1.36346 0)
(0.873671 -1.48089 0)
(0.956905 -1.59832 0)
(1.04014 -1.71575 0)
(0.874222 -1.26802 0)
(0.971601 -1.38586 0)
(1.06898 -1.50371 0)
(1.16636 -1.62155 0)
(0.956447 -1.17044 0)
(1.06641 -1.28655 0)
(1.17638 -1.40266 0)
(1.28635 -1.51877 0)
(1.03695 -1.07085 0)
(1.15778 -1.1832 0)
(1.27862 -1.29556 0)
(1.39945 -1.40792 0)
(1.11558 -0.969373 0)
(1.2454 -1.07611 0)
(1.37523 -1.18284 0)
(1.50505 -1.28958 0)
(1.19219 -0.866179 0)
(1.32899 -0.965569 0)
(1.46579 -1.06496 0)
(1.60259 -1.16435 0)
(1.26666 -0.761427 0)
(1.40829 -0.851913 0)
(1.54992 -0.942399 0)
(1.69155 -1.03289 0)
(1.33887 -0.65529 0)
(1.48307 -0.735487 0)
(1.62727 -0.815685 0)
(1.77147 -0.895882 0)
(1.40872 -0.547949 0)
(1.55312 -0.616654 0)
(1.69753 -0.685359 0)
(1.84193 -0.754064 0)
(1.47611 -0.439593 0)
(1.61828 -0.495791 0)
(1.76044 -0.55199 0)
(1.90261 -0.608188 0)
(1.54099 -0.330418 0)
(1.67839 -0.373291 0)
(1.81579 -0.416163 0)
(1.95319 -0.459035 0)
(1.60328 -0.220625 0)
(1.73335 -0.249552 0)
(1.86341 -0.278479 0)
(1.99347 -0.307407 0)
(1.66296 -0.110416 0)
(1.78307 -0.124984 0)
(1.90317 -0.139552 0)
(2.02327 -0.154119 0)
(1.72 0 0)
(1.8275 0 0)
(1.935 0 0)
(2.0425 0 0)
(1.66296 0.110416 0)
(1.78307 0.124984 0)
(1.90317 0.139552 0)
(2.02327 0.154119 0)
(1.60328 0.220625 0)
(1.73335 0.249552 0)
(1.86341 0.278479 0)
(1.99347 0.307407 0)
(1.54099 0.330418 0)
(1.67839 0.373291 0)
(1.81579 0.416163 0)
(1.95319 0.459035 0)
(1.47611 0.439593 0)
(1.61828 0.495791 0)
(1.76044 0.55199 0)
(1.90261 0.608188 0)
(1.40872 0.547949 0)
(1.55312 0.616654 0)
(1.69753 0.685359 0)
(1.84193 0.754064 0)
(1.33887 0.65529 0)
(1.48307 0.735487 0)
(1.62727 0.815685 0)
(1.77147 0.895882 0)
(1.26666 0.761427 0)
(1.40829 0.851913 0)
(1.54992 0.942399 0)
(1.69155 1.03289 0)
(1.19219 0.866179 0)
(1.32899 0.965569 0)
(1.46579 1.06496 0)
(1.60259 1.16435 0)
(1.11558 0.969373 0)
(1.2454 1.07611 0)
(1.37523 1.18284 0)
(1.50505 1.28958 0)
(1.03695 1.07085 0)
(1.15778 1.1832 0)
(1.27862 1.29556 0)
(1.39945 1.40792 0)
(0.956447 1.17044 0)
(1.06641 1.28655 0)
(1.17638 1.40266 0)
(1.28635 1.51877 0)
(0.874222 1.26802 0)
(0.971601 1.38586 0)
(1.06898 1.50371 0)
(1.16636 1.62155 0)
(0.790438 1.36346 0)
(0.873671 1.48089 0)
(0.956905 1.59832 0)
(1.04014 1.71575 0)
(0.705269 1.45664 0)
(0.772972 1.57139 0)
(0.840674 1.68615 0)
(0.908377 1.80091 0)
(0.618896 1.54745 0)
(0.669865 1.65717 0)
(0.720833 1.7669 0)
(0.771801 1.87662 0)
)
